0000000000000000000001111111111111111110010000000100000000100100000001000000001001000000010000000010010000000100000000100100000001000000001001000000010000000010010000000100000000100100000001000000001001000000010000000010001000001010000001000001000100010001100000001110000011100000000000000000000000000000000000000000000000000000000000000000000000000000000000000000000000000000000000000000000000000000
0000000000000000000000000000000000000000011111111111111111001000000010000000010010000001100000000100100000011000000001001000000110000000010010000010100000000100110001101000000011000100110011000000100001111000011000111000000000000011111000000000000000000000000000000000000000000000000000000000000000000000000000000000000000000000000000000000000000000000000000000000000000000000000000000000000000000000
0000000000000000000001100000000000000000011111000000000000000100001111000000000000100000011111111111001000000000100000100010000000001000001000100000000010000010001000000001100000100010000000011000011000010000001110000100000100000010100011000000100001101100100000000111110000110000000000000000000000000000000000000000000000000000000000000000000000000000000000000000000000000000000000000000000000000000
0000000000000000000000000000000000000100011111111111111111100100000000100000001001000000011000000010010000000100000000100100000001000000001001100000110000000010001000001100000000100011000111100000010000011111001000000100000000000010000110000000000000011111000000000000000000000000000000000000000000000000000000000000000000000000000000000000000000000000000000000000000000000000000000000000000000000000
0000000000000000000000000000000000000000001111111111111111000000100000000000010000001000000100000100000010000001000001000000100000010000010000001000000100000100000001000001100001000000011000111000010000000011001010001000000000011100110010000000000000000111100000000000000000000000000000000000000000000000000000000000000000000000000000000000000000000000000000000000000000000000000000000000000000000000
0000000000000000000000000000000100000000011111111111111111100110000000010000011001000000001100000110010000000010000000100100000000100000001001000000011000000010001000000110000000100010000001010000001000100000100100000110001000001001000001000001000100001001100000011110000011110000000000000000000000000000000000000000000000000000000000000000000000000000000000000000000000000000000000000000000000000000
0000000000000000000000000000000000000000011111111111111110000010000000000000100000100000010000001000001000000100000010000010000001000000100000100000110000001000001000001100000001000010000111000000010000010011010000001100000011100100000010000000000000110011000000000000000011100000000000000000000000000000000000000000000000000000000000000000000000000000000000000000000000000000000000000000000000000000
0000000000000000000001111111111111111110010000000000100000110100000000001000000101000000000010000001010000000000100000010100000000001000000101000000000010000001010000000000100000010100000000011000000100100000000100000011001100000011000000100001100000111000010000001111111011111100000000000000000000000000000000000000000000000000000000000000000000000000000000000000000000000000000000000000000000000000
0000000000000000000000000000000000000000001111111111111111100010000000010000001000100000000100000001001000000001000000010010000000110000000100100000001100000001001000000111000000100010000001010000001000110001100110000110000111110000111111000000000000000000000000000000000000000000000000000000000000000000000000000000000000000000000000000000000000000000000000000000000000000000000000000000000000000000
0000000000000000000000000000000000000000001111111111111111100100000000010000000101000000001100000001010000000011000000010100000000100000000101000000001000000001011000000010000000110010000000110000001000100000011100000100001000000101100011000001000011000111100000011111100000000000000000000000000000000000000000000000000000000000000000000000000000000000000000000000000000000000000000000000000000000000
0000000000000000000000000000000000000000011110000000011000000100011111111110000001000000000001100000010000010000001000000100001100000010000001000011000000100000010000110000011000000010010110000100000000011000110010000000000000000011000000000000000000000000000000000000000000000000000000000000000000000000000000000000000000000000000000000000000000000000000000000000000000000000000000000000000000000000
0000000000000000000011000000000000000000001111111111111111100010000000000100000100100000000001000001001000000000100000010010000000001000000100100000000100000001001000000011000000100010000001110000001000100000110100000100000111111001000001000000000000001001100000000000000011110000000000000000000000000000000000000000000000000000000000000000000000000000000000000000000000000000000000000000000000000000
0000000000000000000000000000000000000000111100000000000000001000111111111111110010000000000000000110100000000001000000101000000000110000001010000000001000000010110000000010000000100100000001100000001001000000110000000010001100111100000001100001110001000000010000000000010000001100000000000100000110000000000000111110000000000000000000000000000000000000000000000000000000000000000000000000000000000000
0000000000000000000000000000000000000000011111111111111111000100000000100000010001000000001000000100010000000010000001000100000000100000010001100000001100000100001000000011000011000010000000110000100000100000011011111000000100000100011000000001110111000000000000000011000000000000000000000000000000000000000000000000000000000000000000000000000000000000000000000000000000000000000000000000000000000000
0000000000000000000000000000000000000000011111111111111111000100000000010000010001000000000100000100010000000011000001000100000000100000010001000000001000001000010000000111000010000010000011010001100000110001100111110000000111110000000000000000000000000000000000000000000000000000000000000000000000000000000000000000000000000000000000000000000000000000000000000000000000000000000000000000000000000000
0000000000000000000000000000000000000000000111111111111111100001000000010000001000010000000100000010000100000001000000100001000000110000000000010000001100000100000110000111000001000000111011011000010000000011100011111000000000000000000000000000000000000000000000000000000000000000000000000000000000000000000000000000000000000000000000000000000000000000000000000000000000000000000000000000000000000000
0000000000000000000000000000000000000000111111111111111111001000000000010000010010000000000100000100010000000001000001000100000000010000010001100000001100001100001000000011000010000011000001011001100000011001100011110000000011100000000000000000000000000000000000000000000000000000000000000000000000000000000000000000000000000000000000000000000000000000000000000000000000000000000000000000000000000000
0000000000000000000000000000000000000000000000000000000000000000000000000000000011111111111111111100011000000100000001000100000001000000010001000000010000000100010000000100000001000100000001000000110001100000110000001000001110011010000110000000111100100111000000000000000111000000000000000000000000000000000000000000000000000000000000000000000000000000000000000000000000000000000000000000000000000000
0000000000000000000001111111111111111110010000000001000000110100000000010000000101000000000100000001010000000001000000010100000000010000000101000000001100000001010000000010000000010110000000100000000100100000011100000010001100011001000001100001111100011100110000000000000001110000000000000000000000000000000000000000000000000000000000000000000000000000000000000000000000000000000000000000000000000000
0000000000000000000001111111111111111110010000000010000000100100000000100000001001000000001000000010010000000010000000100100000000100000001001000000001000000010010000000010000001000100000000110000110001100000001111111000001110001110000000000000111110000000000000000000000000000000000000000000000000000000000000000000000000000000000000000000000000000000000000000000000000000000000000000000000000000000
0000000000000000000001111111111111111100010000000000000000000100000000000000010001000000001000000100010000000010000000100100000000100000001001100000001000000110001000000110000001000011000001100000010000011001101000001100000011110011000110000000000000011111000000000000000000000000000000000000000000000000000000000000000000000000000000000000000000000000000000000000000000000000000000000000000000000000
0000000000000000000000000000000000000000000000000000000000100011111111000000011000010000001111111110000100000000100001100001000000001000010000010000000010000100000100000001100001000001000000011000110000011000000110001000000010000011111100000000110001100110000000000111110000000000000000000000000000000000000000000000000000000000000000000000000000000000000000000000000000000000000000000000000000000000
0000000000000000000000000000000000000000001110000000000000000010111111111111110000100000000100000010001000000011000000100010000000110000001000100000001000000010001100000110000001100001100011100000010000001111101100000100000000000001000010000000000000011111100000000000000001100000000000000000000000000000000000000000000000000000000000000000000000000000000000000000000000000000000000000000000000000000
0000000000000000000000000000000000000000000000000000000000000011111111111111111000100000000100000011001000000001000000110010000000110000000100100000001100000001001000000010000000110011000001100000001000010000011000000110000110001111000011000000111110011111100000000110000001100000000000000000000000000000000000000000000000000000000000000000000000000000000000000000000000000000000000000000000000000000
0000000000000000000000111110000100000000001000111111111111000110000000110000010001000000001100000100010000000010000001000100000000100000010001000000011000000100010000000110000010000110000001000000100000100000110000001000001000011100000110000011001101000001000000011110010000110000000000000110111000000000000000111000000000000000000000000000000000000000000000000000000000000000000000000000000000000000
0000000000000000000001111111111111000000011000000000011111100100000000011000001001000000000100000010010000000011000000100100000000100000001001000000011000000010011000000111000000100010000011010000011000011001100110000100000011100000111111000000000000000000000000000000000000000000000000000000000000000000000000000000000000000000000000000000000000000000000000000000000000000000000000000000000000000000
0000000000000000000000000000000000000000011100000000000000000011111111111111111101100000000100000001010000000001000000010100000000110000000101100000001100000001001000000010000000010010000000110000000100110000011100000011000110000101100000100000111110001110011000000000000000111100000000000000000000000000000000000000000000000000000000000000000000000000000000000000000000000000000000000000000000000000
0000000000000000000000000000000000000000000000000000000000000111111111111111111101100000000110000011010000000001000000010100000000010000001101000000001100000010010000000010000000100100000001100000001001100000111000000010001100011001000001000001111100010000110000000000000110001000000000000000111110000000000000000000000000000000000000000000000000000000000000000000000000000000000000000000000000000000
0000000000000000000000000000000000000000011111111111111110000100000000010001110001000000001100000100010000000110000001000100000001100000110001000000110000001000011000011100000010000011111101000000100000000000011000011000000000000010001100000000000000111110000000000000000000000000000000000000000000000000000000000000000000000000000000000000000000000000000000000000000000000000000000000000000000000000
0000000000000000000000000000000000000000011111111111111110000100000000110000110001000000001000000100010000000010000001000100000001100000010001000000010000000100010000000100000011000110000011100000100000100001101000011000001110110010001100000000111000111110000000000000000000000000000000000000000000000000000000000000000000000000000000000000000000000000000000000000000000000000000000000000000000000000
0000000000000000000000000000000000000000000000000000000000000000000000000000000000111111111111111100011000000000100000100100000000010000001001000000000100000010010000000011000000100110000000110000001000100000011000000010001000001110000001000011000110100000110000011111001100011000000000000001111100000000000000000000000000000000000000000000000000000000000000000000000000000000000000000000000000000000
0000000000000000000000000000000000000000000000000000000000000000000000000000000001111111111111111100010000000011000001000100000000100000010001000000001000000100010000000110000001000100000001100000010001000000111000001100011000001010000010000011101100111001100000001110000011110000000000000000000000000000000000000000000000000000000000000000000000000000000000000000000000000000000000000000000000000000
0000000000000000000000000000000000000000011111111100000000000100000001111111110001000000011000000100010000000100000001000100000011000000010001000001110000000100001100110100000011000001111001000000100000000000011000011000000000000011111000000000000000000000000000000000000000000000000000000000000000000000000000000000000000000000000000000000000000000000000000000000000000000000000000000000000000000000
0000000000000000000000000000000000000000000000000000000000001111111111111111110010000000010000000100100000001100000001001000000011000000010010000001100000000100110000010000000011000110011110000000100000111100100000011000000000000110011100000000000000111100000000000000000000000000000000000000000000000000000000000000000000000000000000000000000000000000000000000000000000000000000000000000000000000000
0000000000000000000000000000000000000000000000000000000000000111111111111111111001000000000101111110010000000001000000100100000000110000001001000000001100000010010000000010000000100110000001100000001000100000011000000010001100001110000001000001100110100000010000001110000100001100000000000001100110000000000000001111000000000000000000000000000000000000000000000000000000000000000000000000000000000000
0000000000000000000000000000000000000000001111111111111111000010000000011000001000100000000110000010001000000001000000100010000000010000001000100000000100000110001100000011000001000001100000110000110000001100111111111000000001111000011000000000000000000000000000000000000000000000000000000000000000000000000000000000000000000000000000000000000000000000000000000000000000000000000000000000000000000000
0000000000000000000000000000000000000000000000000000000000000011111111111100000000100000000111111110001000000001100000100110000000010000001001000000000100000010001000000001000000100010000000010000001000100000001100000010001000000011000001100011000001110000010000010000010110001100000011011000110110000000011100000111000000000000000000000000000000000000000000000000000000000000000000000000000000000000
0000000000000000000000000000000000000000011111111111111111100010000000011000001001000000000110000010010000000011100000100100000000110000001001000000001100000010010000000010000000100010000001100000011000111001111000000100000011110010000001000000000000110000100000000000000111110000000000000000000000000000000000000000000000000000000000000000000000000000000000000000000000000000000000000000000000000000
0000000000000000000000000000000000000000000000000000000000000001000000111111111100111111111000000011001000000011000000010010000000100000000100100000001000000001001000000110000000110001000001100000001000010000111100000110000010011001100110000000011100001111000000000000000000000000000000000000000000000000000000000000000000000000000000000000000000000000000000000000000000000000000000000000000000000000
0000000000000000000000000000000000000000000000000000000000000011111111111111110000100000001000000100001000000110000001000100000001000000010001000000110000000100011000001000000001000010000110000000010000110011100000001100000111101000000010000000000011000001100000000000011001100000000000000011110000000000000000000000000000000000000000000000000000000000000000000000000000000000000000000000000000000000
0000000000000000000000000000000000000000000000000000000000000011000000000000000000111111111111111100011000000100000000100100000011000000001001000000100000000110010000011000000001000110001110000000010000111110100000001100000000001000000010000000000010000001100000000000011111110000000000000000000000000000000000000000000000000000000000000000000000000000000000000000000000000000000000000000000000000000
0000000000000000000000000000000000000000011111111000000000000100000001111111111001000000000010000010010000000001100000100100000000010000001001000000001100000010010000000011000000100100000000100000001001000000001000000010001000000110000001100011000011100000010000011111101000000100000000000010000011000000000000100000100000000000001100011000000000000001111000000000000000001100000000000000000000000000
0000000000000000000001000000000000000100001110000000000001000011111111111111111000100000000000000010010000000010000000100100000001100000001001100000011000000010001000000110000000100011000011000000001000011101110000000010000001110010000001000000000000100000010000000000001000001000000000000001000110000000000000001111000000000000000000000000000000000000000000000000000000000000000000000000000000000000
0000000000000000000000000000000000000000111111111111111111101100000000001000001010000000000110000010100000000001100000101000000000011000001011000000000110000010010000000001100000100100000000111000011000100000011001000100001100000100011111000001000010000000000000001111000000000000000000000000000000000000000000000000000000000000000000000000000000000000000000000000000000000000000000000000000000000000
0000000000000000000000000000000000000000011111111111111111000110000000100000000001000000001000000100010000000010000001000010000000100000010000100000001000001000001000000010000010000010000001110001100000010000110111110000000110011000000000000000111000000000000000000000000000000000000000000000000000000000000000000000000000000000000000000000000000000000000000000000000000000000000000000000000000000000
0000000000000000000000000000000011111110011111111111100000000100000000001000001001000000000110000010010000000011000000100100000000100000001001000000011000000010010000001110000000100111000110110000011000011110000100001100000000000000111110000000000000000000000000000000000000000000000000000000000000000000000000000000000000000000000000000000000000000000000000000000000000000000000000000000000000000000
