0000000000000000000001111111111111111110010000000100000000100100000001000000001001000000010000000010010000000100000000100100000001000000001001000000010000000010010000000100000000100100000001000000001001000000010000000010010000000100000000100100000001000000001001000000010000000010000000000000000000000000000000000000000000000000000000000000000000000000000000000000000000000000000000000000000000000000
0000000000000000000000000000000000000000000000000000000000000000111111111111110000110000001000000100001000000010000001000010000001000000010000100000010000000100001000000100000000100010000001000000001000100000010000000010001000000000000000100010000000000000001000100000000000000010001000000000000000100010000000000000001000100000000000000110000000000000000000000000000000000000000000000000000000000000
0000000000000000000000000000001111111100000111111110000001000001000000100000010000010000001000000100001100000010000001000010000000100000010000100000001000000100001000000010000001000010000000100000010000100000000000000100001000000000000001000010000000000000000000000000000000000000000000000000000000000000000000000000000000000000000000000000000000000000000000000000000000000000000000000000000000000000
0000000001000000000001111111111111111110010000000100000000100100000001000000001001000000010000000010010000000100000000100100000001000000011001000000010000000100010000000100000001000100000001000000010001000000010000000100010000000000000001000100000000000000000001000000000000000000000000000000000000000000000000000000000000000000000000000000000000000000000000000000000000000000000000000000000000000000
0000000000000000000000000000000000000000000000000000000000000000000000000000111000111111111111111010001000000001000000100010000000010000001000100000000100000010001000000001000000100010000000010000001000100000000100000010001000000001000000100010000000000000000000100000000000000000001000000000000001000000000000000000000000000000000000000000000000000000000000000000000000000000000000000000000000000000
0000000000000000000000000000000000000000000000000000000000000011111111111111111000100000001000000010001000000010000000100010000000100000001000100000001000000100000100000010000001000001000000100000010000010000000000000100000100000000000001000001000000000000010000110000000000000100001000000000000001000000000000000000000000000000000000000000000000000000000000000000000000000000000000000000000000000000
0000000000000000000000000000000000000000011111111110000000000100000001111111111001000000010000000010010000000100000000100100000001000000001001000000010000000010010000000100000000100100000001000000001001000000010000000010010000000100000001100100000000000000010001000000000000000100000000000000000001000000000000000000000000000000000000000000000000000000000000000000000000000000000000000000000000000000
0000000000000000000000111111111111111110001000000100000000100010000001000000001000100000010000000010001000000100000000100010000001000000001000100000010000000010001000000100000000100010000001000000001000100000010000000010001000000000000000100000000000000000001000000000000000000000000000000000000000000000000000000000000000000000000000000000000000000000000000000000000000000000000000000000000000000000
0000000000000000000000000000000000000000000111111111111110000001000000100000110000010000001000000100000100000010000001000001000000100000010000010000001000000100000100000010000001000001000000100000010000100000000000000100001000000000000001000010000000000000010000100000000000000100001000000000000001000000000000000000000000000000000000000000000000000000000000000000000000000000000000000000000000000000
0000000000000000000000000000000000000000001111111111111111100010000000100000001000100000001000000010001000000010000000100010000000100000001000100000001000000010001000000010000000100010000000100000001000100000001000000010001000000000000000100010000000000000001000100000000000000010001000000000000000100010000000000000000000000000000000000000000000000000000000000000000000000000000000000000000000000000
0000000000000000000000000000000000000000011111111111111111100100000001000000001001000000010000000010010000000100000000100100000001000000001001000000010000000010010000000100000000100100000001000000001001000000010000000010010000000100000000100100000000000000001001000000000000000010010000000000000000100100000000000000001000000000000000000000000000000000000000000000000000000000000000000000000000000000
0000000000000000000000000000000000000000000000000000000000000011111111111111111100100000011000000011001000000110000000100010000001100000001000100000011000000010001000000110000000100010000001100000001000100000011000000010001000000100000000100010000000000000001000100000000000000010000000000000000000000000000000000000000000000000000000000000000000000000000000000000000000000000000000000000000000000000
0000000000000000000000000000000000000000011111111111111111100100000000100000001001000000001000000010010000000010000000100100000000100000011001000000010000000110010000000100000001100100000000000000011001000000000000000110010000000000000001100100000000000000011001000000000000000010000000000000000000100000000000000000000000000000000000000000000000000000000000000000000000000000000000000000000000000000
0000000000000000000000000000000000000000011111111111111111000100000001000001110001000000010000000100010000000100000001000100000001000000010001000000010000000100010000000000000001000100000000000000010001000000000000000100010000000000000000000000000000000000000000000000000000000000000000000000000000000000000000000000000000000000000000000000000000000000000000000000000000000000000000000000000000000000
0000000000000000000000000000000000000000011111111111111111000100000001000000010001000000010000000100010000000100000001000100000001000000010001000000010000000100010000000000000001000100000000000000010001000000000000000100010000000000000001000100000000000000010001000000000000000100000000000000000000000000000000000000000000000000000000000000000000000000000000000000000000000000000000000000000000000000
0000000000000000000000000000000000000000000000000000000000000011111111111000000000100001000010000000001000010000100000000010000100001000000000100001000010000000001000010000100000000010000000001000000000100000000010000000001000000000100000000010000000000000000000000000000000000000000000000000000000000000000000000000000000000000000000000000000000000000000000000000000000000000000000000000000000000000
0000000000000000000000000000000000000000000000000000000000000111111111111111110001000000010000000100010000000100000001000100000001000000010001000000010000000100010000000100000001000100000000000000010001000000000000000100010000000000000001000100000000000000010001000000000000000100000000000000000000000000000000000000000000000000000000000000000000000000000000000000000000000000000000000000000000000000
0000000000000000000000000000000000000000000000000000000000000000000000000000000000111111100000000000001000000111111111000010000001000000010000100000010000000100001000000100000001000010000001000000010000100000010000000100001000000100000001000010000001000000010000100000000000000100000000000000000001000000000000000000000000000000000000000000000000000000000000000000000000000000000000000000000000000000
0000000000000000000000000000000000000000000000000000000000000011111111111111110000100000000100000100001000000001000001000010000000010000010000100000000100000100001000000001000001000010000000010000010000100000000000000100001000000000000001000010000000000000010000100000000000000100000000000000000000000000000000000000000000000000000000000000000000000000000000000000000000000000000000000000000000000000
0000000000000000000000000000000000000000001111100000000000000010000111111111110000100000010000000100001000000100000001000010000001000000010000100000010000000100001000000100000001000010000001000000010000100000010000000100001000000110000001000010000000100000010000000000000000000000000000000000000000000000000000000000000000000000000000000000000000000000000000000000000000000000000000000000000000000000
0000000000000000000000000000000000000000000000000000000000000000000000000000000000000000000000000000001111111111111110000010000010000000100000100000100000001000001000001000000010000010000010000001000000100000100000010000001000001000000100000010000010000001000000100000000000000000000000000000000000000000000000000000000000000000000000000000000000000000000000000000000000000000000000000000000000000000
0000000000000000000000000000000000000000001111111111111111100010000000100000001000100000001000000010001000000010000000100010000000100000001000100000001000000010001000000010000000100010000000100000001000100000001000000010001000000010000000100000000000000000000000000000000000000000000000000000000000000000000000000000000000000000000000000000000000000000000000000000000000000000000000000000000000000000
0000000000000000000000000000000000000000000000000000000000000011111100000000000000100001111111111100001000000001000001000010000000010000010000100000000100000100001000000001000001000010000000010000010000100000000100000100001000000000000001000010000000000000010000110000000000000100000100000000000000000000000000000000000000000000000000000000000000000000000000000000000000000000000000000000000000000000
0000000000000000000000000000000000000000000000000000000000000000111111111111100000011000010000001000000100000100000010000001000001000000100000010000010000001000000100000100000010000001000001000000100000100000010000001000001000000000000010000010000000000000100000000000000000001000000000000000000000000000000000000000000000000000000000000000000000000000000000000000000000000000000000000000000000000000
0000000000000000000000000000000000000000000000000000000000000000000000000000000000000000000000000000000000000000000000000000111111111111100000011000010000001000000100000100000010000001000001000000100000010000010000001000000100000100000010000001000001000000100000010000010000001000000100000100000110000000000001000000000000000000000000000000000000000000000000000000000000000000000000000000000000000000
0000000000000000000000111110000000111110001000011111111000100010000000110000001000100000001000000010001000000010000000100010000000100000001000100000001000000010001000000010000000100010000000100000001000100000001000000010001000000010000000100100000000100000001001000000000000000100010000000000000001000100000000000000010000000000000000000000000000000000000000000000000000000000000000000000000000000000
0000000000000000000000000000000000000000000011111111111111000000100000100000010000001000001000000100000010000010000001000000100000100000010000001000001000000100000010000010000001000000100000100000010000001000001000000100000100000010000001000001000000100000010000010000000000000100000100000000000001000001000000000000010000010000000000000100001100000000000001000000000000000000000000000000000000000000
0000000000000000000000111000000000000000001001111111111111100010000000100000001000100000001000000010001100000010000000100001000000100000001000010000001000000010000100000010000000100001000000000000001000010000000000000010001100000000000000100010000000000000001000100000000000000010001000000000000000100000000000000000010000000000000000000000000000000000000000000000000000000000000000000000000000000000
0000000000000000000000011111111111111100000100000010000001000001000000100000010000010000001000000100000100000010000001000001000000100000010000010000001000000100000100000010000001000001000000100000010000010000000000000100000100000000000001000001000000000000010000010000000000000100000100000000000001000000000000000000010000000000000000000000000000000000000000000000000000000000000000000000000000000000
0000000000000000000000000000000000000000000000000001111111000000011111100000010000011000001000000100000100000010000001000001000000100000001000001000001000000010000010000010000000100000100000100000001000001000001000000010000010000010000000100000100000000000001000001000000000000110000100000000000000000001000000000000000000000000000000000000000000000000000000000000000000000000000000000000000000000000
0000000000000000000000000000000000000000001111111111111111100010000000010000001000100000000100000010001000000001000000100010000000010000001000100000000100000010001000000011000000100010000000000000001001100000000000000010010000000000000000100100000000000000001000000000000000000110000000000000000001000000000000000000010000000000000000000000000000000000000000000000000000000000000000000000000000000000
0000000000000000000000000000000000000000000000000000000000000000000000000000000000011111111111111100000100000100000001000001000001000000010000010000010000000100000100000100000001000001000001000000010000010000010000000100000100000000000001000001000000000000010000010000000000000100001000000000000001000010000000000000000000000000000000000000000000000000000000000000000000000000000000000000000000000000
0000000000000000000000000000000000000000001111111111111111100010000001000000001000100000010000000010001000000100000000100010000001000000001000100000010000000010001000000100000000100010000000000000001000100000000000000010001000000000000000100010000000000000001000100000000000000110001000000000000001000100000000000000000001000000000000000000000000000000000000000000000000000000000000000000000000000000
0000000000000000000000000000000000000000001111111111111111100010000000010000001000100000000100000010001000000001000000100010000000010000001000100000000100000010001000000001000000100010000000010000001000100000000000000010001000000000000000100010000000000000001000100000000000000010001000000000000000100010000000000000001000100000000000000000000000000000000000000000000000000000000000000000000000000000
0000000000000000000001111111111111111110010000000010000000100100000000100000001001000000001000000010010000000010000000100100000000100000001001000000001000000010010000000010000000100100000000100000001001000000001000000010010000000010000000100100000000000000011001000000000000000100010000000000000001000100000000000000010001000000000000000100010000000000000001000000000000000000000000000000000000000000
0000000000000000000000000000000000000000011111111111111111000100000011000000010001000000010000000100010000000100000000100100000001000000001001000000010000000010010000000100000000100100000001000000001001000000010000000010010000000000000001100100000000000000010001000000000000000100010000000000000001000100000000000000010001000000000000000100010000000000000000000000000000000000000000000000000000000000
0000000000000000000000000000000000000000011111111111111111100100000000100000001001000000001000000010010000000010000000100100000000100000001001000000001000000010010000000001000000100100000000010000001001000000000000000010010000000000000000100100000000000000001001000000000000000110010000000000000001000100000000000000010001000000000000000000010000000000000000000000000000000000000000000000000000000000
0000000000000000000000000000000000000000000111100000000000000111001111111111111001000000001000000010010000000010000000100100000000100000001001000000001000000010010000000010000000100100000000100000001001000000001000000110010000000000000001000100000000000000010001000000000000000100010000000000000001000100000000000000010001000000000000000000010000000000000000000000000000000000000000000000000000000000
0000000000000000000000000000000000000000001111111111111111100010000000010000001000100000000100000010001000000011000000100010000000100000001000100000001000000010001000000010000000100010000000100000001000100000001000000010001000000000000000100010000000000000001001000000000000000110010000000000000001000100000000000000010001000000000000000000010000000000000000000000000000000000000000000000000000000000
0000000000000000000000011111111111111100001100000100000001000010000001000000010000100000010000000100001000000100000001000010000001000000010000100000010000001100001000000100000010000010000001000000100000100000000000001000001000000000000010000110000000000000100001000000000000001000010000000000000010000100000000000000100001000000000000000000010000000000000000000000000000000000000000000000000000000000
0000000000000000000000111111111111111100001000000100000001000010000001000000010000100000010000000100001000000100000001000010000001100000010000100000001000000100001000000010000001000010000000100000010000100000000000000100001000000000000001000010000000000000010000100000000000000100010000000000000001000100000000000000010001000000000000000000000000000000000000000000000000000000000000000000000000000000
0000000000000000000000111111100000000000001000001111111111100010000000010000001000100000000100000010001000000001000000100010000000010000001000100000000100000010001000000001000000100010000000010000001000100000000100000010001000000001000000100010000000010000001000100000000000000010001000000000000000100010000000000000001000100000000000000010001000000000000000100010000000000000000000000000000000000000
0000000000000000000000000000000000000000001111111111111111100010000000100000010000100000001000000100001000000010000001000010000000100000010000100000001000000100001000000000000001000010000000000000010000100000000000000100001000000000000001000010000000000000010000100000000000000100001000000000000001000010000000000000000000000000000000000000000000000000000000000000000000000000000000000000000000000000
0000000000000000000000000000000000000000000000000000000000000011111111111111111000100000001000000110001000000010000001000010000000100000010000100000001000000100001000000010000000100010000000100000001000100000000000000010001000000000000000100010000000000000001000100000000000000010001000000000000000100110000000000000001001000000000000000110000000000000000000000000000000000000000000000000000000000000
