0000000000000000000000000000000000000000000000000000000000000000000000000000000000000000000000000000000000000000000000000000000000000001100000000000000000000100000000000000000000100000000000000000001000000000000000000010000000000000000000100000000000000000010000000000000000001000011111111111111100000000000000000000000000000000000000000000000000000000000000000000000000000000000000000000000000000000
0000000000000000000000000000000000000000000000000000000000000000000000011110000000000000000100110000000000000000000110000000000000000000100000000000000000001000000000000000000110000000000000000011000000100000000011100000001111111111100000000000000000000000000000000000000000000000000000000000000000000000000000000000000000000000000000000000000000000000000000000000000000000000000000000000000000000000
0000000000000000000000000000000000000000000000000000000000000000000000000000000000000000011111110000000000000000000110000000000000000000110000000000000000000100000000000000000001000000000000000000010000000000000000000100000000000000000001000100000000000000010001111000000000111100000001111111111000000000000000000000000000000000000000000000000000000000000000000000000000000000000000000000000000000000
0000000000000000000000000000000000000000000000000000000000000000000000000000000000000000000000000000000000000000000000000000000000011111000000000000000000011000000000000000000001000000000000000000011000000000000000000010000000000000000000100000000000000000001000000000000000000110010000000000000111000011111111111111000000000000000000000000000000000000000000000000000000000000000000000000000000000000
0000000000000000000000000000000000000000000000000000000000000000000000000000000000000000000000000000000000000011110000000000000000000111000000000000000000011000000000000000000011000000000000000000010000000000000000001100000000000000000010000111111111111111100000000000000000000000000000000000000000000000000000000000000000000000000000000000000000000000000000000000000000000000000000000000000000000000
0000000000000000000000000000000000000000000000000000000000000000000000000000000000000000000011100000000000000000001110000000000000000000110000000000000000000110000000000000000000100000000000000000001000000000000000000010011100000000000001100001111111111111110000000000000000000000000000000000000000000000000000000000000000000000000000000000000000000000000000000000000000000000000000000000000000000000
0000000000000000000000000000000000000000000000000000000000000000000000011110000000000000000100111000000000000000000011000000000000000000010000000000000000000100000000000000000000100000000000000000001000000000000000000010000000000000000001100000000000000000110001111111111111110000000000000000000000000000000000000000000000000000000000000000000000000000000000000000000000000000000000000000000000000000
0000000000000000000000000000000000000000000000000000000000000000000000000000000000000000000000000000000000000000000000000000000001111110000000000000000000110000000000000000000110000000000000000000110000000000000000000100000000000000000001000000000000000000010000000000000000001100111111111111111110000000000000000000000000000000000000000000000000000000000000000000000000000000000000000000000000000000
0000000000000000000000000000000000000000000000000000000000000000000000000000000000000000000000000000000000000001111000000000000000000011100000000000000000001000000000000000000011000000000000000000010000000000000000000100000000000000000001000000000000000000010000000000000000001100000000000000001100000111111111111110000000000000000000000000000000000000000000000000000000000000000000000000000000000000
0000000000000000000000000000000000000000000000000000000000000000000000000000000000000000000000000000000000000000111100000000000000000001100000000000000000001100000000000000000001100000000000000000001000000000000000000010000000000000000000100000000000000000011001111111111111111000000000000000000000000000000000000000000000000000000000000000000000000000000000000000000000000000000000000000000000000000
0000000000000000000000000000000000000000000000000000000000000000000000000000000000000000000111110000000000000000000110000000000000000000010000000000000000000110000000000000000000100000000000000000001000000000000000000010000000000000000000100000000000000000011001110000000011111100000111111111000000000000000000000000000000000000000000000000000000000000000000000000000000000000000000000000000000000000
0000000000000000000000000000000000000000000000000000000000000000000000000000000000000000000000000000000000000000000000000000000000011111100000000000000000001100000000000000000001000000000000000000010000000000000000000100000000000000000001000000000000000000110000000000000000011000011111111111111000000000000000000000000000000000000000000000000000000000000000000000000000000000000000000000000000000000
0000000000000000000000000000000000000000000000000000000000000000000000000000000000000000000000000000000000000000111110000000000000000000110000000000000000000110000000000000000000100000000000000000001000000000000000000011000000000000000000010000000000000000001100000000000000000110111111111111111111000000000000000000000000000000000000000000000000000000000000000000000000000000000000000000000000000000
0000000000000000000000000000000000000000000000000000000000000000000000000000000000000000000000000000000000000000111100000000000000000001110000000000000000000110000000000000000000100000000000000000001000000000000000000010000000000000000000100000000000000000011001111111111111111100000000000000000000000000000000000000000000000000000000000000000000000000000000000000000000000000000000000000000000000000
0000000000000000000000000000000000000000000000000000000000000000000000000000000000000000000000000000000000000000111100000000000000000000110000000000000000000100000000000000000001000000000000000000001000000000000000000110000000000000000001000000000000000000110000000000000000111000111111111111111000000000000000000000000000000000000000000000000000000000000000000000000000000000000000000000000000000000
0000000000000000000000000000000000000000000000000000000000000000000000000000000000000000000000000000000000000001111100000000000000000001100000000000000000000100000000000000000001100000000000000000001000000000000000000010000000000000000001100000000000000000110000011111111111111000111100000000000000000000000000000000000000000000000000000000000000000000000000000000000000000000000000000000000000000000
0000000000000000000000000000000000000000000000000000000000000000000000000000000000000000000000000000000000000000000000000000000000000111100000000000000000001100000000000000000001100000000000000000001000000000000000000010000000000000000001100000000000000000010001110000000000001100000011111111111110000000000000000000000000000000000000000000000000000000000000000000000000000000000000000000000000000000
0000000000000000000000000000000000000000000000000000000000000000000000000000000000000000000000000000000000000001111100000000000000000001110000000000000000000100000000000000000001100000000000000000001000000000000000000110000000000000000001000000000000000000110000000000000000011000000000000000111100000111111111110000000000000000000000000000000000000000000000000000000000000000000000000000000000000000
0000000000000000000000000000000000000000000000000000000000000000000000000000000000000000000000000000000000000000000000000000000000000000000000000000000001111100000000000000000001100000000000000000001000000000000000000010000000000000000000100000000000000000001000000000000000000010000000000000000001101111111111111111110000000000000000000000000000000000000000000000000000000000000000000000000000000000
0000000000000000000000000000000000000000000000000000000000000000000000000000000000000000000001111000000000000000000011000000000000000000001000000000000000000010000000000000000000100000000000000000001000000000000000000010000000000000000001100000000000000000010001111111111111111100000000000000000000000000000000000000000000000000000000000000000000000000000000000000000000000000000000000000000000000000
0000000000000000000000000000000000000000000000000000000000000000000000000000000000000000000000000000000000000000111110000000000000000000110000000000000000000110000000000000000000110000000000000000001100000000000000000010000000000000000011100000000000001111100001111111111110000000000000000000000000000000000000000000000000000000000000000000000000000000000000000000000000000000000000000000000000000000
0000000000000000000000000000000000000000000000000000000000000000000000000000000000000000000000000000000000000000000000000000000000000000000000000000000011110000000000000000000011000000000000000000010000000000000000000110000000000000000000100000000000000000001000000000000000000110000000000000000001000111111111111111110000000000000000000000000000000000000000000000000000000000000000000000000000000000
0000000000000000000000000000000000000000000000000000000000000000000000000000000000000000000000000000000000000011011100000000000000000001000000000000000000011000000000000000000010000000000000000000100000000000000000011000000000000000001100000000000000000110000000011111111110000000000000000000000000000000000000000000000000000000000000000000000000000000000000000000000000000000000000000000000000000000
0000000000000000000000000000000000000000000000000000000000000000000000000000000000000000000000000000000000000000000000000000000000001110000000000000001110111000000000000000000011000000000000000000010000000000000000000100000000000000000001000000000000000000110000000000000001111000000111111111110000000000000000000000000000000000000000000000000000000000000000000000000000000000000000000000000000000000
