0000000000000000000001111111111111111110010000000010000000000100000000100000000001000000001000000000010000000010000000000100000000100000000001000000001000000000001000000100000000000010000001000000000000010000100000000000000011110000000000000000000000000000000000000000000000000000000000000000000000000000000000000000000000000000000000000000000000000000000000000000000000000000000000000000000000000000
0000000000000000000000000000000000000000001111111111111111100010000000001000000000100000000010000000001000000000100000000010000000001000000000100000000110000000001000000001000000000011000000010000000000010000001100000000000111000110000000000000011111000000000000000000000000000000000000000000000000000000000000000000000000000000000000000000000000000000000000000000000000000000000000000000000000000000
0000000000000000000000111111111111111110001000000000100000000010000000001000000000100000000010000000001000000001100000000010000000010000000000100000000100000000001000000010000000000011000001100000000000011000110000000000000011110000000000000000000000000000000000000000000000000000000000000000000000000000000000000000000000000000000000000000000000000000000000000000000000000000000000000000000000000000
0000000000000000000000000000000000000000000000000000000000000001111000000000000000110001111111111111001000000000010000000010000000000100000000100000000001000000001100000000010000000001000000001100000000011000000010000000000011000001100000000000011101110000000000000000110000000000000000000000000000000000000000000000000000000000000000000000000000000000000000000000000000000000000000000000000000000000
0000000000000000000000000000000000000000000000000000000000000111111111111111111000100000001000000000001000000010000000000010000000100000000000100000001000000000001000000110000000000011000001000000000000010000110000000000000110011000000000000000111100000000000000000000000000000000000000000000000000000000000000000000000000000000000000000000000000000000000000000000000000000000000000000000000000000000
0000000000000000000000000000000000000000001111111111111111100110000000010000000001000000000100000000010000000001000000000100000000010000000001100000001100000000001000000110000000000011000011000000000000001111100000000000000000000000000000000000000000000000000000000000000000000000000000000000000000000000000000000000000000000000000000000000000000000000000000000000000000000000000000000000000000000000
0000000000000000000000000000000010000000011111111111111111100100000000001000000001000000000110000000010000000001000000000100000000110000000001000000001000000000011000001100000000000011101110000000000000001110000000000000000000000000000000000000000000000000000000000000000000000000000000000000000000000000000000000000000000000000000000000000000000000000000000000000000000000000000000000000000000000000
0000000000000000000001111111111111111110010000000000100000000100000000011000000001000000000100000000010000000001000000000100000000010000000001000000001100000000011000000010000000000011100011000000000000001111100000000000000000000000000000000000000000000000000000000000000000000000000000000000000000000000000000000000000000000000000000000000000000000000000000000000000000000000000000000000000000000000
0000000000000000000000000000000000000000011111111111111111100100000000010000000001000000000100000000010000000011000000000100000000100000000001100000011000000000001100000100000000000001100111000000000000000111000000000000000000000000000000000000000000000000000000000000000000000000000000000000000000000000000000000000000000000000000000000000000000000000000000000000000000000000000000000000000000000000
0000000000000000000011111111111111111100100000000010000000001000000000100000000010000000001000000000110000000010000000000100000001100000000001000000010000000000011000001100000000000011001110000000000000011110000000000000000000000000000000000000000000000000000000000000000000000000000000000000000000000000000000000000000000000000000000000000000000000000000000000000000000000000000000000000000000000000
0000000000000000000000000000000000000000000000000000000000000111111000000000001001000011111111111110010000000001000000000100000000010000000001100000000100000000001000000001000000000010000000110000000000100000001000000000000100000100000000000001100011000000000000000111000000000000000000000000000000000000000000000000000000000000000000000000000000000000000000000000000000000000000000000000000000000000
0000000000000000000000000000000000000000000000000000000000000000000000000000000000111111111111111100011000000000100000000100000000001000000001000000000010000000010000000000100000000100000000001000000001000000000100000000010000000011000000000100000001100000000001000000110000000000011000011000000000000011111100000000000000000000000000000000000000000000000000000000000000000000000000000000000000000000
0000000000000000000000010000000000000000001111111111111111100010000000010000000000100000000100000000001000000010000000000010000000100000000000100000001000000000001000000010000000000011000001100000000000011000010000000000000011111000000000000000000000000000000000000000000000000000000000000000000000000000000000000000000000000000000000000000000000000000000000000000000000000000000000000000000000000000
0000000000000000000000000000001000000000011111111111111111100010000000100000000000100000001000000000001000000010000000000010000000100000000000110000001000000000000100000110000000000001111111000000000000000011000000000000000000000000000000000000000000000000000000000000000000000000000000000000000000000000000000000000000000000000000000000000000000000000000000000000000000000000000000000000000000000000
0000000000000000000000000000000000000000000000000000000000000111111111111111110000100000001000000000001000000010000000000010000000100000000000100000001000000000001000000110000000000011000001000000000000011000100000000000000011110000000000000000000000000000000000000000000000000000000000000000000000000000000000000000000000000000000000000000000000000000000000000000000000000000000000000000000000000000
0000000000000000000000000000000000000000000000000000000000000011111111111111111000100000000100000000001000000001000000000010000000010000000000100000000010000000001000000000100000000010000000001000000000100000000010000000001000000000100000000011000000011000000000010000000100000000000110000011000000000000011011100000000000000011100000000000000000000000000000000000000000000000000000000000000000000000
0000000000000000000000000000000000000000011111111111111111100100000000010000000001000000000100000000010000000001000000000100000000110000000001000000001000000000011000000100000000000011100110000000000000001111000000000000000000000000000000000000000000000000000000000000000000000000000000000000000000000000000000000000000000000000000000000000000000000000000000000000000000000000000000000000000000000000
0000000000000000000000000000000000000000000000000000000000000011111111111111111000110000000010000000001000000000100000000010000000011000000000100000000100000000001000000001000000000010000000110000000000010000011000000000000111111100000000000000000000000000000000000000000000000000000000000000000000000000000000000000000000000000000000000000000000000000000000000000000000000000000000000000000000000000
0000000000000000000000000000000000000000001111000000000000000010001111111111111000100000000100000000001000000001000000000010000000010000000000100000000100000000001000000011000000000011000001100000000000011000110000000000000011111000000000000000000000000000000000000000000000000000000000000000000000000000000000000000000000000000000000000000000000000000000000000000000000000000000000000000000000000000
0000000000000000000000000000000000000000011111111111111111000100000000010000000001000000000100000000010000000001000000000100000000011000000001000000000110000000010000000001000000000100000000110000000001100000001000000000001000001110000000000011000110000000000000011111000000000000000000000000000000000000000000000000000000000000000000000000000000000000000000000000000000000000000000000000000000000000
0000000000000000000000000000000000000000000000000000000000000011111111111111111000110000000001000000001000000000010000000010000000000100000000100000000001000000001000000000010000000010000000000100000000010000000010000000000111000011100000000000011111100000000000000000000000000000000000000000000000000000000000000000000000000000000000000000000000000000000000000000000000000000000000000000000000000000
0000000000000000000000000000000000000000000000000000000000000000000000000000000011111111111111111110110000000001000000000100000000010000000001000000000100000000011000000001000000000010000000110000000000010000001000000000000111001110000000000000011110000000000000000000000000000000000000000000000000000000000000000000000000000000000000000000000000000000000000000000000000000000000000000000000000000000
0000000000000000000000000000000000000000000000000000000000000111111111111111110011000000010000000000100000000100000000001000000001000000000010000000010000000000100000000100000000001000000001000000000010000000110000000000100000001000000000000100000110000000000001000011000000000000011111100000000000000000000000000000000000000000000000000000000000000000000000000000000000000000000000000000000000000000
0000000000000000000000000000000000000000000000000000000000000000000000000000000000111111111111111111001000000001000000000110000000011000000001000000000010000000010000000000100000000100000000001000000001000000000010000000011000000001100000000010000000010000000000111000001000000000000011111110000000000000000000000000000000000000000000000000000000000000000000000000000000000000000000000000000000000000
