0000000000000000000000000000000000000000010000000000000001100100000000000000101001000000000000010010010000000000001000100100000000000100001001000000000010000010010000000001000000100100000000100000001001000000010000000010010000001000000000100100000100000000001001000010000000000010010001000000000000100100100000000000001001010000000000000010011000000000000000100000000000000000000000000000000000000000
0000000000000000000000100000000000000000001000000000000000000010000000000000110000100000000000011100001000000000000101000010000000000010010000100000000001000100001000000000110001000010000000011000010000100000001100000100001000000010000001000010000001000000010000100000100000000100001000110000000001000010011000000000010000101100000000000100001100000000000001000000000000000000110000000000000000001000
0000000000000000000000100000000000000000001000000000000000010010000000000000001100100000000000001101001000000000000110010010000000000011000100100000000001100001001000000000010000010010000000001000000100100000001100000001001000000110000000010010000110000000000100100011000000000001001011100000000000010011100000000000000100000000000000000001000000000000000000000000000000000000000000000000000000000000
0000000000000000000000100000000000000000001000000000000000100010000000000000011000100000000000001110001000000000000110100010000000000011001000100000000001100010001000000000110000100010000000111000001100100000011000000001001000001100000000010010000110000000000100100111000000000001001111000000000000010000000000000000000100000000000000000000000000000000000000000000000000000000000000000000000000000000
0000000000000000000000000000000000000000000000000000000000000010000000000000001100100000000000000111001000000000000001010010000000000001100100100000000000110001001000000000011000010010000000011000000100100000001100000001010000000110000000010100000011000000000101000011100000000000010001100000000000000101110000000000000001110000000000000000000000000000000000000000000000000000000000000000000000000000
0000000000000000000000100000000000000000001000000000000000000010000000000000000000100000000000000011001000000000000001110010000000000000111000100000000000011010001000000000001100100010000000000110001000100000000010000010001000000011000000100010000011100000001000100001100000000010001000110000000000100010110000000000001000111000000000000010001100000000000000100000000000000000000000000000000000000000
0000000000000000000000100000000000001100001000000000000111000010000000000011010000100000000001100100001000000000110001000010000000011000010000100000001100001100001000000110000010000010000011000000100000100001100000001000001000100000000010000010010000000000100000111000000000001000001100000000000010000110000000000000000000000000000000000000000000000000000000000000000000000000000000000000000000000000
0000000000000000000000000000000000000000001100000000000000000010000000000000001100100000000000000011001000000000000001110010000000000000100100100000000000010001001000000000001100010010000000000110000100100000000010000001001000000001100000010010000001100000000100100000110000000001001000010000000000010010011000000000000100101100000000000110001110000000000000000011000000000000000000000000000000000000
0000000000000000000000000000000000000000001000000000000000000010000000000000000000100000000000000000001000000000000011000010000000000001110000100000000000110100001000000000011001000010000000011000010000010000001100000100000100000110000001000001000010000000010000010011000000000100000101100000000001000001110000000000010000010000000000000100000000000000000011000000000000000000100000000000000000000000
0000000000000000000000000000000000000000000000000000000000000010000000000000000000100000000000000000001000000000000000110010000000000000011100100000000000001110001000000000000110100010000000000011001000100000000001100010001000000001100000100010000000110000001000100000011000000010001000011000000000100010001100000000001000101110000000000010001110000000000000100000000000000000001000000000000000000000
0000000000000000000000000000000000000000001000000000000000000010000000000000010000100000000000001100001000000000000111000010000000000011010000100000000001100100001000000000110001000010000000011000010000100000001100000100001000000110000001000010000111000000010000100011000000000100001001100000000001000010110000000000110000111000000000001000001100000000000010000000000000000000000000000000000000000000
0000000000000000000000000000000000000000000100000000000000000011000000000000001100100000000000000110001000000000000011100010000000000001111000100000000000110100001000000000010001000100000000011000010001000000001100000100010000001100000001000100000110000000010001000110000000000100010111000000000001000111000000000000011000000000000000000110000000000000000000000000000000000000000000000000000000000000
0000000000000000000000100000000000000000001000000000000000000010000000000000000000100000000000000100001000000000000011000010000000000001110000100000000000110100001000000000110001000010000000001000010000100000001100000100001000000110000011000110000111000000100001000011000000001000010011100000000010000101100000000000100001110000000000001000000000000000000000000000000000000000000000000000000000000000
0000000000000000000000000000000000000000001000000000000000010010000000000000001100100000000000000101001000000000000010010010000000000001000100100000000001100001001000000000110000010010000000011000000100100000001000000001001000000100000000010110000110000000000101000011000000000001010001100000000000010100110000000000000101011000000000000000011000000000000000000000000000000000000000000000000000000000
0100000000000000000001000000000000000000010000000000000000000100000000000000011001000000000000000110010000000000000010100100000000000001001001000000000000110010010000000000011000100100000000001100001001000000000110000010010000000110000000100100000001000000001001000001100000000010010000110000000001100100111000000000010001011000000000000100011100000000000001000100000000000000000000000000000000000000
0100000000000000000001000000000000000000010000000000000000000100000000000000000000100000000000000000001000000000000001100010000000000000111000100000000000011010001000000000001100100010000000000110001000100000000011000010001000000011100000100010000001100000001000100001110000000010001000110000000000100010110000000000001000111000000000000010000000000000000001100000000000000000010000000000000000000000
0000000000000000000000010000000000000000000100000000000000000001000000000000000000010000000000000000000100000000000011000001000000000001110000010000000000110100000100000000011001000001000000001100010000100000000110000100001000000011000001000010000001000000010000100001100000000100001000110000000001000010011000000000010000101100000000000100001100000000000001000010000000000000000000000000000000000000
0000000000000000000000100000000000000000001000000000000000000010000000000000011000100000000000001100001000000000000011000010000000000001010000100000000000100100001000000000011001000010000000011000010000010000001100000100000100001110000001000001000110000000010000010011000000000100000101100000000001000001110000000000010000111000000000000100001100000000000001000000000000000000000000000000000000000000
0000000000000000000000000000000000000000000100000000000000000010000000000000010000100000000000001100001000000000000111000010000000000011010000100000000001100100000100000000110001000001000000011000010000010000001100000100000100000110000001000001000011000000010000010001100000000100000100110000000001000001011000000000010000011000000000000000000110000000000000000000000000000000000000000000000000000000
0010000000000000000000100000000000000000001000000000000000100010000000000000011000110000000000001110000100000000000111100001000000000011010000010000000000100100000100000000010001000001000000001000010000010000000100000100000010000010000001000000100001100000010000001000100000000100000010011000000001000000101100000000010000001100000000000100000010000000000001000000000000000000000000000000000000000000
0000000000000000000001000000000000000000010000000000000000000100000000000000001101000000000000000111010000000000000011100100000000000011001000100000000000100010001000000000110000100010000000011000001000100000001100000010001000000110000000100010000011000000001000100001100000000010001001100000000000100010110000000000000000110000000000000000000000000000000000000000000000000000000000000000000000000000
0000000000000000000000000000000000000000000000000000000000000001000000000000000000010000000000000100000100000000000111000001000000000011010000010000000001100100000100000000100001000001000000110000010000010000011000000100000100001100000001000001000110000000010000010011000000000100000111100000000001000001100000000000110000000000000000001000000000000000000000000000000000000000000000000000000000000000
0000000000000000000000000000000000000000001000000000000000000010000000000000000000100000000000000110001000000000000110100010000000000011001000100000000011000010001000000001100000100010000000110000001000100000011000000010001000001000000000100010001100000000001000100110000000000010001011000000000000100011100000000000001000000000000000000010000000000000000000100000000000000000001000000000000000000000
0000000000000000000000000000000000000000001000000000000000000010000000000000000000100000000000001000001000000000000110000010000000000010100000100000000001001000000000000000100010000010000000010000100000100000001000010000000000000100000100000010000011000001000000100001100000010000000100110000000100000000011000000001000000010100000000010000000110000000000000000001000000000000000000000000000000000000
0000000000000000000000000000000000000000001000000000000000000010000000000000000000100000000000000000001000000000000111000010000000000011110000100000000001101000000100000001100010000001000000110000100000010000010000001000000100011000000010000001011000000000100000011100000000001000000100000000000010000000000000000000000000000000000000000000000000000000000000000000000000000000000000000000000000000000
0000000000000000000000000000000000000000000100000000000000000001000000000000000000010000000000000000000100000000000000000001000000000000001100010000000000000110000100000000000110010001000000000111000100010000000011000001000100000001100000100001000000110000001000010000110000000010000100110000000000100001111000000000001000011000000000000010000000000000000000100000000000000000000000000000000000000000
0000000000000000000000000000000000000000000000000000000000000010000000000000000000100000000000000000001000000000000000000010000000000000010000100000000000001100001100000000000111000001000000000011010000010000000001000100000100000001100001000001000000110000010000010000110000000100000100011000000001000001001100000000010000010100000000000100000110000000000001000001000000000000000000000000000000000000
