0000000000000000000000000000000000000000000000000000000001100000000000000001100000000000010001100000000000000101100000000000000001100000000000000001110000000000000001100100000000000001100001000000000001100000010000000000000110000100000000000000011001000000000000000001110000000000000000000110000000000000000001011000000000000000010001100000000000000000000110000000000000000000011000000000000000000000
0000000000000000000000000000000000000000000000000000000000110000000000000000011000000000000000011100000000000000011100000000000000011100000000000000111001000000000001111000010000000011110000000100000000111000000001000000000001110000010000000000000111000100000000000000001101000000000000000001110000000000000000000111000000000000000000011100000000000000000001110000000000000000000100000000000000000000
0000000000000000000000000000000000000001000000000000000000110000000000000000110000000000000000110000000000000001110000000000000001101000000000000011100010000000000011100000100000000011100000001000000001100000000010000000001110000000100000000000011100001000000000000000111010000000000000000001111000000000000000000001111000000000000000000000000000000000000000000000000000000000000000000000000000000000
0000000000000000000000000000000000000011000000000000000001100000000000000001100000000000000001110000000000000001110000000000000001110000000000000001110100000000000001110001000000000001110000010000000001110000000100000000001110000001000000000000110000010000000000000011000100000000000000011101000000000000000001110000000000000000000111000000000000000000011100000000000000000000110000000000000000000000
0000000000000000000000000000000000000001000000000000000001100000000000000001110000000000000001110000000000000001110000000000000011100100000000000011100001000000001111000000010000000110000000000100000000110000000001000000000011000000010000000000001110000100000000000000011111000000000000000000011111000000000000000000011100000000000000000001000000000000000000000000000000000000000000000000000000000000
0000000000000000000000000000000000000001000000000000000001110000000000000001111000000000000001111100000000000001111100000000000011101110000000000011100111000000001111001110010000000110111100000100000000111110000001000000000011111000010000000000001111110100000000000000011111000000000000000000011111000000000000000000111100000000000000000101000000000000000000000000000000000000000000000000000000000000
0000000000000000000000000000000000000001000000000000000001110000000000000001111000000000000001111100000000000111111100000001111111101110000001100011100111000000001111001110010000000111111100000100000000111110000001000000000011111000010000000000001111110100000000000000011111000000000000000001111111000000000000000001111100000000000000000101000000000000000000000000000000000000000000000000000000000000
0000000000000000000000000000000100000000000000000010000011100000000000100011110000000000001011110000000000000111100000000000000111100000000000000110001000000000001110000010000000001111000000100000000011000000001000000000001111000010000000000000011110100000000000000001111000000000000000000011110000000000000000000111000000000000000000001000000000000000000001100000000000000000000000000000000000000000
0000000000000000000000000000000000000001000000000000000001100000000000000001110000000000000111100000000000001110100000000000111100001000000001111000000010000000111000000000100000000001110000001000000000000111100010000000000000001111100000000000000000001111000000000000000000001110000000000000000000000000000000000000000000000000000000000000000000000000000000000000000000000000000000000000000000000000
0000000000000000000000000000000000000000000000000000000000000000000000000000001100000000000000000110000000000000000110000000000000001110000000000000001110000000000000001110100000000000001100001000000000001100000010000000011100000000100000000111111111001000000000000000111111100000000000000000111111000000000000000001111100000000000000000001000000000000000000000000000000000000000000000000000000000000
0000000000000000000000000000000000000000000000000000000001110000000000000011100000000000000011100000000000000011100000000000000111110000000000000111000100000000011110000001000000001110000000010000000000111000000100000000000011100001000000000000001110010000000000000000011100000000000000000001110000000000000000000011100000000000000000001110000000000000000000000000000000000000000000000000000000000000
0000000000000000000100000000000000000111000000000000000011000000000000000111000000000000001111000000000000001110010000000000111100000100000001110000000001000000000111000000010000000000001111000100000000000000001111000000000000000000011110000000000000000000011100000000000000000000000000000000000000000000000000000000000000000000000000000000000000000000000000000000000000000000000000000000000000000000
0000000000000000000000000000000000000010000000000000011111100000000000111100000000000001110010000000000001110000100000000001100000001000000001100000000010000000110000000000100000000011100000001000000000000111000010000000000000001111100000000000000000001111100000000000000000001110000000000000000000000000000000000000000000000000000000000000000000000000000000000000000000000000000000000000000000000000
0000000000000000000000000000000000000000000000000000000000010000000000000000011100000000000000011100000000000000111000000000000000111100000000000000110001000000000000110000010000000000110000000100000000110000000001000000011111100000010000000000000111111100000000000000000000111100000000000000000001100000000000000000000000000000000000000000000000000000000000000000000000000000000000000000000000000000
0000000000000000000000000000000000000000000000000000000000000000000000000000000000000000000000000000000000000000000000100000000000000001111000000000000011110000000000000111100000000000001110001000000000000110000010000000000110000000100000000010000000001000000000111110000010000000000000111110100000000000000000011111000000000000000000001110000000000000000000000000000000000000000000000000000000000000
0000000000000000000000000000000000000111000000000000000011000000000000000011000000000000000011000000000000000011000000000000000011100000000000000011001000000000000011000010000000000011000000100000000011000000001000000000111100000010000000000001111110100000000000000000011111000000000000000000011111100000000000000000011000000000000000000000000000000000000000000000000000000000000000000000000000000000
0000000000000000000000000000000000000000000000000000000001110000000000000001110000000000000011100000000000000001110000000000001111101000000000111100000010000000111000000000100000000011110000001000000000000111100010000000000000001111100000000000000000011111000000000000000010011111000000000000000000000000000000000000000000000000000000000000000000000000000000000000000000000000000000000000000000000000
0000000000000000000000000000000000000000000000000000000000000000000000000000011000000000000000011110000000000000011111000000000000111111000000000000111111100000000000111111110000000001111110011000000000111110000110000000000111100001100000000000011110010000000000000001111100000000000000000111111000000000000000001111110000000000000000001110000000000000000000100000000000000000000000000000000000000000
0000000000000000000000000000000000000000000000000000000000110000000000000000110000000000000000111000000000000000011000000000000000011100000000000000001101000000000000001100010000000000011100000100000000111100000001000000000111000000010000000000001110000100000000000000111001000000000000000001110000000000000000000111100000000000000000001110000000000000000000110000000000000000000000000000000000000000
0000000000000000000000000000000000000000000000011111111111000000001111111111110000000111001100000000000011100011000000000001110000110000000000111000001100000000011100000011000000001110000000110000000001110000001100000000001110000011000000000001110000110000000000001110001100000000000001110011000000000000001111111111110000000001111111111100000000000000000000000000000000000000000000000000000000000000
0000000000000000000000000000000000000010000000000000001111000000000000011110000000000000111100000000000000111001000000000001110000010000000001110000000100000000110000000001000000000111100000010000000000001111000100000000000000011110000000000000000000011110000000000000000000011111000000000000000000010000000000000000000000000000000000000000000000000000000000000000000000000000000000000000000000000000
0000000000000000000000000000000000000001000000000000000001110000000000000011110000000000000111100000000000001111100000000000011100001000000000011100000010000000011100000000100000000110000000001000000000111000000010000000000011100000100000000000001111001000000000000000011111000000000000000000011110000000000000000000111100000000000000000001000000000000000000000000000000000000000000000000000000000000
0000000000000000000000000000000000000000000000000000000000000000000000000000000000000000000000000000000000000000000011110000000000000111100000000000001111000000000000001110010000000000001110001100000000011100000010000000001100000000100000000001110000001000000000000011100010000000000000001111100000000000000000001111111100000000000000000001000000000000000000000000000000000000000000000000000000000000
0000000000000000000000000000000000000000000000000000000000000000000000000000011000000000000000001100000000000000001100000000000000001100000000000000001110000000000000011111000000000001111100010000000011100000000100000000011100000001000000000001110000010000000000000111100100000000000000001111100000000000000000000111110000000000000000000000000000000000000000000000000000000000000000000000000000000000
0000000000000000000000000000000000000000000000000000000000000000000000000000001100000000000010111110000000000000111000000000000001111000000000000001110010000000000001110000100000000001100000001000000001110000000010000000011100000000100000000000111100001000000000000001111010000000000000000011111000000000000000000011100000000000000000000110000000000000000000000000000000000000000000000000000000000000
0000000000000000000000000000000000000000000000000000000000000000000000000011111000000000011111000000000000111101000000000000111000010000000000111000000100000000011000000001000000001100000000010000000001110000000100000000000011100001000000000000000111010000000000000000001110000000000000000000011110000000000000000000111000000000000000000000000000000000000000000000000000000000000000000000000000000000
0000000000000000000000000000000000000000000000000000000000000000000000000000111000000000000011111000000000000111100000000000001110010000000000001110000100000000001110000001000000000110000000010000000001100000001100000000001100000010000000000000110000100000000000000011001000000000000000001110000000000000000000111110000000000000000000111100000000000000000000000000000000000000000000000000000000000000
0000000000000000000000000000000000000000000000000000000000000000000000000000000000000000000000011110000000000000011100000000000000011100000000000000001101000000000000001100010000000000000110000100000000000110000001000000000111000000110000000111000000001000000000011111100010000000000000001111111000000000000000000011111000000000000000000000000000000000000000000000000000000000000000000000000000000000
0000000000000000000000000000000000000000000000000000000000000000000000000000011000000000000000111000000000000000111000000000000000111000000000000000111100000000000000110001000000000000110000010000000000110000000100000000011100000001000000000000111000010000000000000011100100000000000000001111000000000000000000011100000000000000000001111000000000000000000011100000000000000000000000000000000000000000
0000000000000000000000000000000000000000000000000000000000000000000000000000000000000000000000011110000000000000111100000000000000111000000000000000110010000000000001110000100000000001100000001000000001100000000010000000011110000000100000000000111111001000000000000000011111000000000000000000001111000000000000000000011000000000000000000000000000000000000000000000000000000000000000000000000000000000
0000000000000000000000000000000000000000000000000000000000000000000000000000011100000000000111111100000000001110100000000000001110011000000000001110000100000000000110000001000000000011000000010000000001100000000100000000001110000001000000000000111110010000000000000000111110000000000000000000111111000000000000000000011100000000000000000000000000000000000000000000000000000000000000000000000000000000
0000000000000000000000000000000000000000000000000000000000000000000000000000000000000000000000000111000000000000000111000000000000011111000000000000011101000000000000111000010000000001111000000100000001110000000001000000011110000000010000000000111100000100000000000001111111000000000000000001110000000000000000000011100000000000000000001110000000000000000000110000000000000000000000000000000000000000
0000000000000000000000000000000000000000000000000000000000000000000000000000011000000000000000011100000000000000001100000000000000001110000000000000001110000000000000001111000000000000001110010000000000001110000100000000011100000001000000001111000000010000000000011110000100000000000000111101000000000000000001111100000000000000000001111100000000000000000001100000000000000000000000000000000000000000
0000000000000000000000000000000000000000000000000000000000000000000000000000001100000000000000001110000000000001111100000000000011110000000000000011100100000000000111100001000000000111000000010000000011000000000100000000001110000001000000000000111100010000000000000001111100000000000000000011110000000000000000000111110000000000000000000000000000000000000000000000000000000000000000000000000000000000
0000000000000000000000000000000000000000000000000000000011110000000000000111100000000000001111000000000000001110100000000000001110001000000000001110000010000000000110000000100000000110000000001000000001111100000010000000000001110000100000000000000111001000000000000000001110000000000000000001110000000000000000000111000000000000000000011000000000000000000001100000000000000000001100000000000000000000
0000000000000000000000000000000000000000000000000000000000110000000000000000111000000000000011110000000000000001100000000000000001110000000000000001110100000000000001110001000000000011110000010000000011100000000100000000111000000001000000000001110000010000000000000111000100000000000000011111000000000000000000110000000000000000000011100000000000000000001110000000000000000000111000000000000000000000
0000000000000000000000000000000000000000000000000000000011110000000000000011000000000000000011000000000000000011100000000000000001100000000000000001101000000000000001110010000000000000110000100000000000111000001000000000011000000010000000001111000000100000000000011110001100000000000000111111000000000000000000011110000000000000000000111100000000000000000001100000000000000000000000000000000000000000
0000000000000000000000000000000000000000000000000000000000110000000000000001111000000000000001110000000000000001110000000000000001110100000000000001110001000000000000110000010000000001110000000100000001110000000001000000001110000000010000000000111000000100000000000011111011000000000000000011111000000000000000000011100000000000000000001110000000000000000000000000000000000000000000000000000000000000
0000000000000000000000000000000000000011000000000000000011100000000000000011100000000000000011100000000000000011100000000000000011010000000000000111000100000000000111000001000000000111000000010000000001000000000100000000001100000001000000000000111000010000000000000011111100000000000000000001111000000000000000000011111000000000000000000011000000000000000000000000000000000000000000000000000000000000
0000000000000000000000000000000000000000000000000000000000000000000000000000000100000000000000000111000000000000000011000000000000000001100000000000000001110000000000000011100000000000000011101000000000001111000010000000011110000001100000001111110000010000000000000111000100000000000000001101000000000000000000111000000000000000000011110000000000000000000111100000000000000000001100000000000000000000
0000000000000000000000000000000000000000000000000000000000000000000000000000000000000000000000000011000000000000000011000000000000001111000000000000111100100000000011110000001000000011100000000010000000011111000000100000000000011111001000000000000000001111000000000000000000011110000000000000000000000000000000000000000000000000000000000000000000000000000000000000000000000000000000000000000000000000
0000000000000000000000000000000000000000000000000000000000000000000000000000000000000000000000000000000000000000000000100000000000000111111000000000001111000000000000111110010000000011111000000100000011100000000001000000011100000000010000000001111000000100000000000011110001000000000000000111110000000000000000000111100000000000000000001110000000000000000000000000000000000000000000000000000000000000
0000000000000000000000000000000000000000000000000000000001100000000000000001100000000000010001100000000000000101100000000000000001100000000000000001110000000000000001100100000000000001100001000000000001100000010000000000000110000100000000000000011001000000000000000001110000000000000000000110000000000000000001011000000000000000010001100000000000000000000110000000000000000000011000000000000000000000
0000000000000000000100000000000000001110000000000000001110000000000000001110000000000000001110000000000000011100100000000000111100001000000011110000000010000000110000000000100000000011100000001000000000001110000010000000000000011110100000000000000000011000000000000000000011110000000000000000000111000000000000000000011000000000000000000000000000000000000000000000000000000000000000000000000000000000
0000000000000000000000000000000000000000000000000000000000000000000000000000000000000000000000000000000000000000000000000000000000000000000000000000000000000000000000000000000000000000000000000000000000000000000000000000000000000000000000000000000000000000000000000000000000000000000000000000000000000000000000000000000000000000000000000000000000000000000000000000000000000000000000000000000000000000
0000000000000000000000000000000000000000000000000000000001100000000000000000110000000000000000010000000000000000001000000000000000011100000000000000011101000000000000111000010000000000111000000100000000111000000001000000011110000000010000000000011111110100000000000000000111111110000000000000010000000000000000000100000000000000000000000000000000000000000000000000000000000000000000000000000000000000
0000000000000000000000000000000000000010000000000000000111000000000000000011000000000000000011100000000000000011100000000000000011101000000000000001100010000000000001110000100000000001110000001000000001110000000010000000000111100000100000000000000111101000000000000000001111100000000000000000000111110000000000000000000000000000000000000000000000000000000000000000000000000000000000000000000000000000
0000000000000000000000000000000000000010000000000000000110000000000000000111000000000000000011000000000000000111000000000000000011010000000000000011000100000000000011100001000000000011100000010000000011100000000100000000111111100001000000000000000111110000000000000000000011111000000000000000000011110000000000000000000000000000000000000000000000000000000000000000000000000000000000000000000000000000
