0000000000000000000000000000111100000000000000110000110000000000110000000011000000010000000000001000000100000000000010000010000000000000010000100000000000000100010000000000000000100100000000000000001001000000000000000010010000000000000000100010000000000100010000100000000000100100000100000000000110000001000000000000110000001100000000110010000000110000110000000000000011110000000000000000000000000000
0000000000000000000000000111111111100000000111000000001110000011000000000000110000100000000000000100011000000000000001100100000000000000001001000000000000000010010000000000000000100100000000000000001001000000000000000010010000000000000000100110000000000000001000110000000000000010000100000000011101100001100000000001110000001100000000011100000001110000011101100000001111111100001000000000000000000000
0000000000000000000000000000000000000000000000011111110000000000011100000111000000001100000000011000000110000000000010000011000000000000010000100000000000000110001000000000000000100010000000000000001000100000000000000010001000000000000000100010000000000000001000110000000000100010000100000000001101100001111000000001110000011100000000011100000001100000001101100000001100011110001100000001111000000001
0000000000000000000000000000000000000000000000001111110000000000001110000110000000000110000000110000000011000000000110000000100000000000100000011000000000001100000100000000000001000001000000000000010000010000000000000100000100000000000011000001000000000011100000011000000000011000000010000000001111000000110000001110010000000111111110000110000000000000000000100000000000000000000000000000000000000000
0000000011111000000000000011000011100000000001100000001100000000100000000000100000010000000000001100001000000000000001000110000000000000001001000000000000000010010000000000000000100100000000000000001001000000000000000010001000000000000001100010000000000000010000100000000000001100001000000000001010000011000000000001000000011100000000111000000011000000011001000000011111111000011000000000000000000010
0000000000000000000000000000011111110000000000111100000110000000011000000000100000011100000000000100000100000000000001000010000000000000010001100000000000000110010000000000000000100100000000000000001001000000000000000010011000000000000000100010000000000000001000100000000000011010001000000000000011100011000000000000110000011000000000011110000011001000111000100000001111110000000000000000000000000000
0000000000000000000000000000000111100000000000111110001110000000111000000000110000011000000000000110001100000000000000100010000000000000001100100000000000000001001000000000000000010010000000000000000100100000000000000001001000000000000000010010000000000000000100110000000000000001000100000000000010100001100000000000111000001100100000011100000001111000011101100000000011111000001100000000000000000001
0000000000000000000000000000111111100000000000110000001110000000110000000000110000011000000000000100001100000000000001100010000000000000001001100000000000000010010000000000000000010100000000000000000101000000000000000001010000000000000000010010000000000000001000100000000000001010001100000000000011100001000000000000110000011000000000111110000011000000111000100000011000111000000100000011111000000000
0000000000000000000000000000001111110000000000001110000110000000001100000000010000000110000000000110000011000000000000100000100000000000001000011000000000000010000100000000000000100001000000000000001000110000000000000010001000000000000000100010000000000000011000110000000000110100000100000000000011000001100000000000110000001000000000111110000001100000011000110000001111111100000100000000000000000000
0000000000000000000000000001111111110000000000110000000110000000111000000000011000011000000000000010001100000000000000010010000000000000000101000000000000000001010000000000000000010100000000000000000101000000000000000001010000000000000000010100000000000000000101000000000000000001010000000000001100110110000000000001111000100000000000011100001100000000011101100001110001011100001000000011111100000000
0000000000000000000000000011111111100000000111000000001100000011000000000001100001100000000000001100010000000000000001001000000000000000011010000000000000000010100000000000000000101000000000000000000110000000000000000001010000000000000000010100000000000000001101000000000000000010010000000000000111100010000000000000110000110000000000001100000100000000001110100000110000011110001100000111111100000000
0000000000111000000000000001111011111000000000110000000011000000010000000000010000001000000000000110000100000000000000100011000000000000001000100000000000000010001000000000000000100010000000000000001000100000000000000010001000000000000000100010000000000000001000100000000000100110001100000000000101000001100000000001110000001000000000011100000001100000011001100000001111111100001000000001110000000000
0000000000000000000000000011111111100000000001100000001100000000110000000001100000011000000000001100001100000000000001000010000000000000010001000000000000000010010000000000000000100100000000000000001001000000000000000010010000000000000001100110000000000001010000100000000000011100001000000000000110000011000000000011100000010000000001101100000110000001110001100000110111110000001000000111110000000000
0000000111111111000000000111000000011000000011000000000011000001100000000000010000010000000000000110001100000000000000100010000000000000001000100000000000000011011000000000000000010100000000000000000101000000000000000001010000000000000000010110000000000000000100100000000000000001001000000000000000010011000000000000000100010000000000011011000010000000000011100000011000000000111000000011111111110011
0000000000000000000000000011111111100000000001100000001110000001100000000000110000010000000000000110001100000000000000100010000000000000001101100000000000000001010000000000000000010100000000000000000101000000000000000001010000000000000000010110000000000000000100100000000000000001001000000000000000110011000000000001001000010000000000011110000110000000000011000000110000000001110000000011111111110110
0000001111111100000000001100000001100000000110000000001100000011000000000001100000100000000000001100011000000000000001000100000000000000001001100000000000000010001000000000000000100010000000000000001000100000000000000010001000000000000001100010000000000000010000100000000000100100000100000000001111000001000000000001100000001000000000011000000011000000001101000000011010000110011000000001100011000000
0000000000000000000000000000011111100000000000001100001110000000001100000000110000000110000000000100000110000000000001000001000000000000010000110000000000000100001000000000000001000010000000000000010000100000000000000100001000000000000001000010000000000000010000100000000000000100001000000000001011000011000000000011100000010000000000011000000110000000011110000000111111111100110000000000000000000110
0000000000000000000000000000000000000000000000000011111000000000001111000001100000000110000000001100000011000000000001000000100000000000011000011000000000000010001100000000000000100010000000000000001000100000000000000110011000000000000001000100000000000000010001000000000001001000001000000000011110000010000000000011000000100000000001110000001100000001110110000001111001110000110000000111110000000110
0000000000000000000000000000000000000000000000001111111110000000001110000000110000001110000000000100000110000000000001100011000000000000001001100000000000000010010000000000000000100100000000000000001001000000000000000110010000000000000001000100000000000000110001100000000000001000001000000000011110000010000000000011100000010000000001101100000110000001110001100000111111110000000000000000000000000000
0000000000000000000000000000000000000000000001111111110000000001110000000111000000110000000000010000011000000000000110000100000000000000100011000000000000001000100000000000000011001100000000000000010001000000000000000100010000000000000001000110000000000000110000100000000000101000001100000000001110000001000000000001000000011000000000111000000011000000111001000000001111111000010000000000000000000000
0000000000000000000000000000000000000000000000111111111100000000010000000001100000001000000000001100000110000000000001000001000000000000010000010000000000000110000100000000000000100001000000000000001000010000000000000010000100000000000000100000100000000000011000001000000000000100000011000000001111000000011000000001100000000010000000011000000000111100001111000000000011111100011000000000000000000000
0000001111111100000000001110000000110000000110000000000100000001000000000000100000100000000000000100001000000000000001100010000000000000001000100000000000000010001000000000000000010010000000000000000100100000000000000001000100000000000000100001000000000110001000010000000000100110000010000000000110000000011000000001100000000011000001101100000000011111110001100000000000000000001000000000000000000000
0000111111111111100000011000000000001100001100000000000000100010000000000000001101000000000000000001010000000000000000110100000000000000000101000000000000000001010000000000000000010100000000000000000100100000000000000001001000000000000000010011000000000000001100011000000011000010000011000000011001100000001100000001110000000001000000011100000000001100111001100000000001111000001000000000000000000000
0000000000000000000000000000000000000000000000000000000000000000000000000000000000000011111111000000000011000000001100000000100000000000100000010000000000001100000100000000000001000001000000000000001000010000000000000010000100000000000000100001000000000000001000010000000000000010000110000000011000100000100000000001001000001100000000001100000001100000000011000000001110000011101000000000111111100001
0000000000000000000000000000000000000000000000000000000000000000000000000000000000000011111111000000000011000000001100000000100000000000100000010000000000001100000100000000000001000001000000000000001000010000000000000010000100000000000000100001000000000000001000010000000000000010000110000000011000100000100000000001001000001100000000001100000001100000000011000000001110000011101000000000111111100001
0000000111111000000000001110000001100000000010000000001100000001000000000001100000010000000000001000001000000000000001000010000000000000010000100000000000000110001000000000000000100010000000000000001000100000000000000010001000000000110001000011000000000100110000010000000000111000000111000000001100000000111111111101100000000000000000001100000000000000000001100000000000000000000000000000000000000000
0000001111111100000000001100000000110000000100000000000110000010000000000000110001100000000000000100010000000000000000100100000000000000001001000000000000000010010000000000000000100100000000000000001001000000000000000010010000000000000000100100000000001100010000100000000001101100001000000000000110000011000000000001110000001101000001100110000001111111110000100000000000000000000000000000000000000000
0000000000000000000000000000111110000000000011110000110000000001100000000010000000100000000000110000011000000000000100000100000000000001000001000000000000001000010000000000000010000100000000000000100001000000000000001000010000000000000010000100000000000000100001000000000111001000001000000000011100000001000000000011100000001000000001101100000001100000110001100000011111110000000000000000000000000000
0000000000000000000000000000000000000000000000000000000000000000011111111100000000001000000000110000000100000000000110000001000000000000110000010000000000000100000100000000000000100001000000000000001000010000000000000010000100000000000001100001000000001000110000010000000001001000000010000000001100000000011000000111000000000011111111001000000000000001000011000000000000000000011000000000000000000000
0000000000000000000000000000000000000000000000000000000000000000000000000000000000000000001110000000000000001110011100000000001100000000100000000110000000001100000001000000000011000000010000000000110000000100000000001100000001000000011001000000011000000011110000000001110000011000000000000111111011000000000000000000011000000000000000000011000000000000000000000000000000000000000000000000000000000000
0000000111000000000000001110001110000000000110000000011000000011000000000011100001100000000000001100010000000000000001000100000000000000011001000000000000000010010000000000000000110100000000000000000101000000000000000001010000000000000000110110000000000000001000100000000011000110001000000000001110000001000000000011100000011000000011101100000011111111100000100000000111000000000100000000000000000000
