0000000000000000000001111111111111111110010000000011000000000100000000101000000001000000001001000000010000000010001000000100000000100001000001000000001000001000001000000100000001000010000001000000001000010000100000000000000011110000000000000000000000000000000000000000000000000000000000000000000000000000000000000000000000000000000000000000000000000000000000000000000000000000000000000000000000000000
0000000000000000000000111111111111111110011000000000010000000100000000001100000001000000000010000000010000000000100000000110000000001000000000100000000101000000001000000001001000000001000000110001000000011100011000001100000001111100000001000000000000000000000000000000000000000000000000000000000000000000000000000000000000000000000000000000000000000000000000000000000000000000000000000000000000000000
0000000000000000000000000000000000000000011111111111111111100110000000110000000001000000001000000000010000000011000000000100000001111000000001000000010011100000011000001100001100000011000110000001110000011111000000000110000000000000000000000000000000000000000000000000000000000000000000000000000000000000000000000000000000000000000000000000000000000000000000000000000000000000000000000000000000000000
0000000000000000000000000000000000000000000000000000000000000011111111000000000000110000001111111110001000000000010000000010000000001100000000100000000011000000001000000000111000000011000000001001000000010000000010001000000100000001100001000000100000010000011000001111111000000000000000000000000000000000000000000000000000000000000000000000000000000000000000000000000000000000000000000000000000000000
0000000000000000000000000000000000000000000000000000000000000000110000000000000000111111111111111111000100000000010000000011000000000100000000100000000001000000001000000000111000000011000000001011000000010000000010011000000110000001100011000000110000110000011000000011111000000000000000000000000000000000000000000000000000000000000000000000000000000000000000000000000000000000000000000000000000000000
0000000000000000000000000000000000000000000000000000000000000000000000000000000000111111111111111110011000000000100000000100000000001000000001000000000011000000011000000000111000000010000000011011000000110000001100011000000110000010000011000000111111000000000000000000000000000000000000000000000000000000000000000000000000000000000000000000000000000000000000000000000000000000000000000000000000000000
0000000000000000000000000000000000000000011111111111111111100100000000000100000001000000000001000000010000000000010000000100000000000100000001000000000011000000011000000000111000000010000000001011000000110000000110011000000110000001000011000000111111110000000000000000000000000000000000000000000000000000000000000000000000000000000000000000000000000000000000000000000000000000000000000000000000000000
0000000000000000000000111100000000000000001000111111111111000010000000010000000000100000000100000000001100000011000000000001000001111100000000011000110001100000000001111000001100000000000000000001110000000000000000000100000000000000000000000000000000000000000000000000000000000000000000000000000000000000000000000000000000000000000000000000000000000000000000000000000000000000000000000000000000000000
0000000000000000000000000000000000000000000000000000000000000011111111111111111000110000000010000000001000000000100000000011000000001000000000010000000110000000000100000001110000000001000000010011000000011000001100011000000011000110000011100000011111000000000000000000000000000000000000000000000000000000000000000000000000000000000000000000000000000000000000000000000000000000000000000000000000000000
0000000000000000000000000000000000000000001111111111111111000010000000110000000000100000001000000000001000000011000000000010000000111000000000110000011011000000000110000100011100000000111111000001100000000000000000001100000000000000000000000000000000000000000000000000000000000000000000000000000000000000000000000000000000000000000000000000000000000000000000000000000000000000000000000000000000000000
0000000000000000000000000000000000000000011111111111111111000100000000011000000001000000000100000000010000000001100000000100000000011100000001100000001000110000001000000110000110000011000011000000111000011111100000000010000000000000000000000000000000000000000000000000000000000000000000000000000000000000000000000000000000000000000000000000000000000000000000000000000000000000000000000000000000000000
0000000000000000000000000000000000000000001111111111111111100010000000001000000000100000000010000000001000000001100000000010000000011000000000010000000111000000000110000011011000000000110001100011000000000111110000011000000000000000000011000000000000000000011000000000000000000010000000000000000000000000000000000000000000000000000000000000000000000000000000000000000000000000000000000000000000000000
0000000000000000000000000000000000000000011100000000000000000111111111111111110001000000000010000000010000000001100000000010000000010000000000100000000111000000001000000011011000000011000000100001000000010000011000011000000110000100000011000000110111000000010000000111000000000000000000000000000000000000000000000000000000000000000000000000000000000000000000000000000000000000000000000000000000000000
0000000000000000000000000000000000000000011111111111111111000100000000001000000001000000000110000000010000000001100000000100000000011110000001100000000100111000001000000010000011000001100001100000010000001111110000000000000000000000000000000000000000000000000000000000000000000000000000000000000000000000000000000000000000000000000000000000000000000000000000000000000000000000000000000000000000000000
0000000000000000000000000000000000000000001111111111111111000010000000001000000000100000000110000000010000000001110000000100000000010011000001000000001100011000011000000010000011000010000001000000000000011001110000000000000011110000000000000000000000000000000000000000000000000000000000000000000000000000000000000000000000000000000000000000000000000000000000000000000000000000000000000000000000000000
0000000000000000000000000000000000000000001111111111111111000010000000010000000000100000000100000000001000000001000000000011000000111000000000010000001011000000000100000110001100000001110011000000110000000111100000000110000000000000000000000000000000000000000000000000000000000000000000000000000000000000000000000000000000000000000000000000000000000000000000000000000000000000000000000000000000000000
0000000000000000000000000000000000000000000100000000000000000011111111111111110001100000001000000000010000000010000000000110000001110000000000100000010110000000001100001100110000000001111110000110000000000000000000111000000000000000000011000000000000000000000000000000000000000000000000000000000000000000000000000000000000000000000000000000000000000000000000000000000000000000000000000000000000000000
0000000000000000000000000000000000000000001000000000000000000111111111111111110001000000000100000000010000000001000000000100000000111000000001000000001011000000011000000110011000000010000001000011100000110000100000001100000111110000000000000000000000000000000000000000000000000000000000000000000000000000000000000000000000000000000000000000000000000000000000000000000000000000000000000000000000000000
0000000000000000000000000000000000000000000000000000000000000000000000000000000000111111111111111110001000000000010000000010000000000100000000100000000011110000001000000000100110000010000000001000110000100000000110000110001100000011000000000001000001100000000000011111110000000000000000000000000000000000000000000000000000000000000000000000000000000000000000000000000000000000000000000000000000000000
0000000000000000000000000000000000000000000000000000000000000011111111111111111001100000000001000000010000000000010000000100000000001100000001000000000011000000011000000000111000000010000000001011000000100000000110011000001100000011000011000001100000100000000000001111110000000000000000000000000000000000000000000000000000000000000000000000000000000000000000000000000000000000000000000000000000000000
0000000000000000000000000000000000000000001111111111111111100010000000011000000000100000000100000000001000000001000000000010000000011000000000100000001011000000001100000010011000000001100001000011000000001111110000010000000000000000000110000000000000000000110000000000000000000010000000000000000000000000000000000000000000000000000000000000000000000000000000000000000000000000000000000000000000000000
0000000000000000000000000000000000000000000000000000000000000111111111111111110001000000000100000000010000000001000000000100000000110000000001000000001110000000010000000110111000000110000001000011000000110000010000011000000110001100000011000000111110000000000000000000000000000000000000000000000000000000000000000000000000000000000000000000000000000000000000000000000000000000000000000000000000000000
0000000000000000000000000000000000000000010000000000000000000111111111111111111101000000000000000000010000000000010000000100000000000100000001000000000001000000010000000000110000000100000000001110000001000000000100110000010000000001000110000110000000110000110000100000011000000110001110011000000000100000111000000000000000000000000000000000000000000000000000000000000000000000000000000000000000000000
0000000000000000000000000000000000000000010000000000000000000111111111111111111101000000000000000000010000000000010000000100000000000100000001000000000001000000010000000000110000000100000000001110000001000000000100110000010000000001000110000110000000110000110000100000011000000110001110011000000000100000111000000000000000000000000000000000000000000000000000000000000000000000000000000000000000000000
