0000000000000000000000000000000000000000000000000000000000000000011000000000000000011001100000000100001000000100000000100010000001000000001001000000001000000001010000000010000000010100000000100000000101000000001000000001010000000010000000010010000000010000001000100000000100000010000100000000110011000000000000000011000000000000000000000000000000000000000000000000000000000000000000000000000000000000
0000000000000000000000000000000000000000000000000000000000000000111110000000000000011000110000001100001100000100000001000010000001000000011000100000010000000010011000000100000000100100000001000000001001000000010000000010010000000100000001000100000001000000010001100000011000000100001000000010000001000010000000110000110000110000000110011000000110000000111100000000000000000000000000000000000000000000
0000000000000000000000000000000000000000000000000000000000000000000000000001000000000000000000011000000000000000000011000001111000000000010000110010000000000010001000110000000000100010000100000000001000100001100000000110001000001000000001000011000011000000010000010000011000001000000100000011101110000001000000001110000000011000000000000000000000000000000000000000000000000000000000000000000000000000
0000000000000000000000000000000000000000000000000000000000000000000000000000000000000000000000011000000000000000000011000001111000000000010000110011000000000100001000010000000001000010000110000000010000100000100000000100001000001100000001000010000001000000010000100000010000000100001100000010000011000001000000111001100000010000000011110000000100000000000000000000000000000000000000000000000000000000
0000000000000000000000000000000000000000000000000000000000000000000000000011000000001111000000011000000110010000000011000011000100000000010000100001100000000100001000001000000001000010000011000000010000100000010000000100001000000110000001000011000000100000010000010000000100001100000110000001111110000000000000000000000000000000000000000000000000000000000000000000000000000000000000000000000000000000
0000000000000000000000000000000000000000000000000000000000000000000000000000000000000000000000010000000011110000000011000001100110000000011000010000100000000010001000000100000000100010000001000000001000100000011000000010001100000010000000100001000000110000011000011000000110001100000011000000011110000000000000000000000000000000000000000000000000000000000000000000000000000000000000000000000000000000
0000000000000000000000000000000000000000000000000000000000000011111110000000110001100000110000000100110000000100000001001000000001000000011010000000011000000010100000000010000000101000000000100000001010000000001000000010100000000010000000101000000000100000011011000000000100000100010000000001000011000110000000011101100000100000000001110000001100000000000000000001100000000000000000000000000000000000
0000000000000000000000000000000000000000000000000000000000000001110000000000000001100110000000110000110000110000000111001000000110000000010010000000100000000110100000001000000000101000000010000000001011000000100000000010010000000100000000100100000001000000010001100000011000001100001000000001110110000011100000000011000000000000000000000000000000000000000000000000000000000000000000000000000000000000
0000000000000000000000000000000000000000000000000000000100000000000000000001100000011111100000001100001100001000000001000010000001000000010000100000010000000100001000000100000001000010000001100000010000100000001000000100001000000011000011000001000000011000100000010000000011111000000110000000000000000000110000000000000000000000000000000000000000000000000000000000000000000000000000000000000000000000
0000000000000000000000000000000000000000000000000000000000000000000000000000000000000000000001000000000000000000011100000011110000000001100000100110000000001000001000100000000001000010001100000000010000100001000000000100001000010000000001000011000100000000010000010001100000000100000100001100000011000001100001100001100000001110001111110000000000110000000000000000000000000000000000000000000000000000
0000000000000000000000000000000000000000000000000000000000000000000000000000000000000000000011100000000110000000001100000011011000000001000000100010000000001000001000110000000010000100000100000000100001000001000000001000010000010000000010000110000110000001000000100000100000110000001100001110011000000001100000111000000000001100000000000000000000000000000000000000000000000000000000000000000000000000
0000000000000000000000000000000000000000000000000000000000000000000000000011000000011111000000011000001000011000000011000100000010000000011001000000110000000010010000000100000000110100000001000000000101000000010000000010010000000100000000100110000001100000001000100000001000000110001100000001000001000001100000001111100000000000000000000000000000000000000000000000000000000000000000000000000000000000
0000000000000000000000000000000000000000000000000000000000000000000000000000000000111100000000111000011000110000000011000100000110000000010001000000100000000010010000001000000000100100000010000000001001000000010000000010010000000110000000100010000000100000011000100000001100000100001100000001110011000001000000000111100000011000000000000000000011000000000000000000000000000000000000000000000000000000
0000000000000000000000000000000000111000000000000000000010000000000000000000010001111000000000000100110011000000000001101000001000000000001010000011000000000010100000010000000000101000000110000000011010000000100000001100100000001100000110001000000001110111000011000000000011000000010000000000000000000110000000000000000000100000000000000000000110000000000000000000100000000000000000000000000000000000
0000000000000000000000000000000000000000000000000000000000000000000000000000000000111000000000111000011011100000000011000100001000000000011001000010000000000011110000110000000000011000000100000000000111000001100000000001010000001000000000010100000011000000000101000000011000000011011000000011000000100010000000011100111000010000000001111000000111000000000000000000000000000000000000000000000000000000
0000000000000000000000000000000000110000000011100000000111000001101100000000010000110000100000000110011000000100000000100100000001000000001001000000011000000010010000000010000000100100000000100000001001000000001100000010010000000001000001100010000000011000010000100000000011111000001100000000000000000001000000000000000000011000000000000000000011000000000000000000000000000000000000000000000000000000
0000000000000000000000000000000000000000000111100000000000000010001100000000000001000001100000011100010000001000000001100100000010000000001001000000100000000011010000001000000000010100000010000000000101000000100000000001010000001100000000010100000001000000000101000000011000000001010000000011000000010010000000001100001100110000000000111110000110000000000000000000000000000000000000000000000000000000
0000000000000000000000000000000000000000000000000000000000000000000000000000000000000000000000000000001110000000011000000110110000000011100001000100000000001000010001100000000001000100001000000000010001000010000000000010010000110000000000100100000100000000001001100000100000000010001000001110000001100011000000011111110000010000000000000000000010000000000000000000000000000000000000000000000000000000
0000000000000000000000000000000000000000000000000000000000000000000000000011100001111110000000001100010000110000000001000100000110000000011001000000100000000010010000001000000000100100000011000000001001000000010000000110011000000110000001000010000000100000010000100000001100001100001100000001111110000001000000000000000000011000000000000000000000000000000000000000000000000000000000000000000000000000
0000000000000000000000000000000000000000000000000000000000000000000000000000000000000000000000001100000111000000000001100011011100000000001000100001000000000010001000010000000000100110000110000000001001000000100000000110010000001000000001000100000011000000110001000000011000001000010000000011111110000100000000000000000000000000000000000000000000000000000000000000000000000000000000000000000000000000
0000000000000000000000000000000000000000000000000000000000000000000000000000000000000000000000000000000000000000001110000001111000000000110000010011000000000100000100010000000001100001000110000000001000010000100000000010000100001000000000100001100010000000010000001000010000000100000011000110000011000000011000110011100000000000000011100000000000000000000000000000000000000000000000000000000000000000
0000000000000000000000000000000000000000000000000000000000000000000000011100000000000000000001110000000000000000000110000011110000000000100001100010000000001000010000100000000001000100001000000000010001000011000000000100001000010000000001000010000100000000110000100001100000001000001000001000000110000001000011100011000000010000001111100000000110000000000000000000100000000000000000000000000000000000
0000000000000000000000000000000000000000000000000000000000000000000000000001100000000000000000001100000000000000000001000111110000000000010001000110000000000010010000110000000000100100000100000000001001000001000000000010010000011000000000100100000010000000001001000000100000000010010000001000000001000100000001000000110000100000001100011000001100000000111000000001000000000000000000000000000000000000
0000000000000000000000000000000000000000000000000000000000000000000000001100000000000000000000100000001111000000001000000010010000000001000000000010000000001000000000100000000010000010001000000000100000100000000000001000001000010000000010000010000100000000100000100001100000001000000100001000000010000001100001000001100000000000001111110000000000000000000000000000000000000000000000000000000000000000
0000000000000000000000000000000000000000000000000000000000000000000000001100000000000000000000100000001111000000001000000010010000000001000000000010000000001000000000100000000010000010001000000000100000100000000000001000001000010000000010000010000100000000100000100001100000001000000100001000000010000001100001000001100000000000001111110000000000000000000000000000000000000000000000000000000000000000
0000000000000000000000000000000000000000000000000000000000000011110000000111000001100100000000011000010001000000000010000100001000000000010001000010000000000100010000100000000000100100001000000000001001000010000000000010010000110000000000100100000100000000001001000001000000000010010000011000000000100100000011000000001000100000011000000100001000000001100011000010000000000111100000000000000000000000
0000000000000000000000000000000000000000000000000000000000000000000000000100000000000000000010100000000000000000000100000001110000000001000000110110000000001000001000100000000010000100001000000000100001000001000000001000010000010000000110000010000110000001000000100000011001100000001000000001110000000010000000000000000000010000000000000000000110000000000000000000111000000000000000000000000000000000
0000000000000000000000000000000000000000000000000000000000000000000000000000000000000000000000000000000111100000010000000001001000000111000000110011000000010000001000010000000100000010000100000001100000110001100000001000000100001000000010000001000010000000100000011000110000010000000010000100000100000000100001111110000000000100000000000000000000100000000000000000000000000000000000000000000000000000
0000000000000000000000000000000000000000000000000000001100000000000000000001000000000000000000001000000011000000000010000001111000000000010000110010000000000100001000010000000001000010000100000000010000100001100000000100001000001000000001000010000010000000110000100000010000001000001000000110001100000001000000011110000000010000000000000000000010000000000000000000110000000000000000000000000000000000
0000000000000000000000000000000000000000000000000000000000000001111000000000000001100011000010000000010000010000011000001100000010000011000010000000100000011000100000001000000010001000000010000000010001000000100000000100010000001000000001000100000001000000100000000000010000001000001000000100001110000000000001111110000000010000000000000000000011000000000000000000011000000000000000000000000000000000
0000000000000000000000000000000000000000000000000000000000000001100000000000000000111100000000000000001001000000011100000100001000000001000001000010000000001000000000100000000010000100001000000000100001000001000000000000010000010000000001000100000100000000010000100000100000000100001000001000000001000010000001000000010000010000011000000100000100000011000011000000000000011001100000000000000001110000
0000000000000000000000011110000000000000011000110000000000000100000010000011100001000000010000001000010000000100000001001100000001000000010010000000010000000100100000000100000001000100000001000000010001000000001000000100010000000010000001000100000000100000010000100000001100001000001000000001100110000011000000001111000000000000000000000000000000000000000000000000000000000000000000000000000000000000
0000000000000000000000000000000000000000000000000000000000000000000000000001000000001111110000011100000110000110000001000010000000110000001000100000000100000010011000000001000000110100000000010000000101000000000100000011011000000000100000100010000000001100011000110000000001111100000110000000000000000000100000000000000000000000000000000000000000000000000000000000000000000000000000000000000000000000
0000000000000000000000000000000000000000000000000000000000000001111000000000000000110001000001000000001000011000011100000110000010000001100001000000100000000100010000000100000000100100000001000000001001100000010000000001001000000100000000110010000001000000001000110000010000000010000100000100000001100000000001100000110000000000001111111000000000000000000000000000000000000000000000000000000000000000
0000000000000000000000000000000000000000000000000000011000000000000000000011000000111110000000001000011000100000000001001100000100000000010010000001000000000110100000010000000000101000000100000000001011000001000000000010010000011000000000100110000010000000001000100000100000000110001100001100000011000001100001110011100000001000000011100000000000000000000000000000000000000000000000000000000000000000
