0000000000000000000000000000000000000000011111111111110000000000000000000011000000000000000000001000000000000000000010000000000000000000010000000000000000000100000000000000000000100000000000000000001000000000000000000010000000000000000000100000000000000000010000000000000000000100000000000000000010000000000000000000100000000000000000110000011111111111110000000000000000000000000000000000000000000000
0000000000000000000000000000000000000000000111111100000000000000000000111110000000000000000000110000000000000000000110000000000000000000100000000000000000001000000000000000000010000000000000000000100000000000000000001000000000000000000110000000000000000011000000000000000011100000000011111111100000000000000000000000000000000000000000000000000000000000000000000000000000000000000000000000000000000000
0000000000000000000000000000000000000000000000000000000000000000011111111100000000000000000001100000000000000000001100000000000000000001000000000000000000010000000000000000000100000000000000000001000000000000000000010000000000000000000100000000000000000001000000000000000000110000000000000000001000000000000000000110000000000000000011000000000000000011100000000011111111100000000000000000000000000000
0000000000000000000000000000000000000000000000000000000000000000000000000000000000000111100000000000000000000111110000000000000000000011110000000000000000000110000000000000000000100000000000000000001000000000000000000110000000000000000001000000000000000001100000011111000011110000000000001111100000000000000000000000000000000000000000000000000000000000000000000000000000000000000000000000000000000000
0000000000000000000000000000000000000000000000000000000000000000011111111100000000000000000001110000000000000000000110000000000000000000110000000000000000000100000000000000000001000000000000000000010000000000000000000100000000000000000001000000000000000000010000000000000000001000000000000000000110000001111111111110000000000000000000000000000000000000000000000000000000000000000000000000000000000000
0000000000000000000000000000000000000000000000000000000000000000011111111100000000000000000001110000000000000000000110000000000000000000110000000000000000000100000000000000000001000000000000000000010000000000000000000100000000000000000011000000000000000001100000000000000001110000000000000011110000000001111111000000000000000000000000000000000000000000000000000000000000000000000000000000000000000000
0000000000000000000000000000000000000000000000000000000000000000111111111000000000111111111111100000000000000001111100000000000000000111000000000000000000111000000000000000001110000000000000000011100000000000000000111000000000000000001100000000000000000111000000000000000001100000000000000001100000000000000001110000000001111111111000000000000000000000000000000000000000000000000000000000000000000000
0000000000000000000000000111111111000000001111111111111000000111110000001111000000000000000000110000000000000000001100000000000000000011000000000000000000110000000000000000011000000000000000011110000000000000011111000000000011111111000000000011111100000000000000000000000000000000000000000000000000000000000000000000000000000000000000000000000000000000000000000000000000000000000000000000000000000000
0000000000000000000000000000000000000000000000000000000000000000011111000000000000001100001110000000000000000000110000000000000000000010000000000000000000010000000000000000000100000000000000000001000000000000000000010000000000000000011000000000000000011100000000111111111000000000000000000000000000000000000000000000000000000000000000000000000000000000000000000000000000000000000000000000000000000000
0000000000000000000000000000000000000000000000001111110000000000001100000011100000000000000000001100000000000000000001100000000000000000001000000000000000000010000000000000000000100000000000000000001000000000000000000110000000000000000001000000000000000001100000000100000001110000000001111111110000000000000000000000000000000000000000000000000000000000000000000000000000000000000000000000000000000000
0000000000000000000000000000000000000000000000000000000000000000000000000000000000000001111110000000000000000000111000000000000000000011000000000000000000011000000000000000000011000000000000000000010000000000000000000100000000000000000010000000000000000001100000000000000000110000000000000000011000000000000000111000000000001111111000000000000000000000000000000000000000000000000000000000000000000000
0000000000000000000000000000000000000000000000111111100000000000110000000110000000000000000000110000000000000000000110000000000000000000110000000000000000000100000000000000000001000000000000000000010000000000000000000100000000000000000001000000000000000000110000000000000000011000000000000000001100000000000000000110000000000000000011000000001110000011000000000000111111000000000000000000000000000000
0000000000000000000000000000000000000000000111111110000000000111000000111100000000000000000001100000000000000000001100000000000000000001100000000000000000001000000000000000000010000000000000000000010000000000000000000100000000000000000001000000000000000000010000000000000000001100000000000000000110000000000000011111000011111111111000000000000000000000000000000000000000000000000000000000000000000000
0000000000000000000000000000000000000000000000000000000000000011111100000000000000000001111100000000000000000001110000000000000000000110000000000000000000110000000000000000000100000000000000000001000000000000000000010000000000000000000100000000000000000001000000000000000000100000000000000000011000000000000000001100000000000000001100000000011111111100000000000100000000000000000000000000000000000000
0000000000000000000000000000000000000000000000000000000000000000000000000000000000000000000000000000000011111111000000000011100000001111100000000000000000001110000000000000000000110000000000000000000100000000000000000001000000000000000000010000000000000000000100000000000000000010000000000000000011000001111111111111100000000000000000000000000000000000000000000000000000000000000000000000000000000000
0000000000000000000000000000000000000000000000000000000000000000111100000000000000111001111110000000000000000000011100000000000000000000111000000000000000000010000000000000000000010000000000000000000100000000000000000001000000000000000000010000000000000000001100000000000000001110000111111111111110000000000000000000000000000000000000000000000000000000000000000000000000000000000000000000000000000000
0000000000000000000000000000000000000000000000000000000000000000000000000000000000000000000000000000001111111111111000000000000000000011100000000000000000001110000000000000000000100000000000000000001000000000000000000010000000000000000001100000000000000000110000000000000000111000001111111111111000000000000000000000000000000000000000000000000000000000000000000000000000000000000000000000000000000000
0000000000000000000000000000000000000000000000000000000000000011111111110000000000000000000011110000000000000000000111000000000000000000011000000000000000000011000000000000000000010000000000000000000100000000000000000001000000000000000000010000000000000000011100000000000000011100001111111111111100000000000000000000000000000000000000000000000000000000000000000000000000000000000000000000000000000000
0000000000000000000000000000000000000000000000000000000000000001100000000000000000001111110000000000000000000111100000000000000000001110000000000000000000010000000000000000000010000000000000000000100000000000000000001000000000000000000010000000000000000000100000000000000000011000000000000000000100000000000000000011000000000000011111000000011111111100000000000000000000000000000000000000000000000000
0000000000000000000000000000000000000000000000000000000000000000000000000000000000000000000000000000000110000000000000000000011111110000000000000000000011100000000000000000000110000000000000000000110000000000000000000110000000000000000000100000000000000000001000000000000000000110000000000000000011000000000000000011100000011111111111100000000000000000000000000000000000000000000000000000000000000000
0000000000000000000000000000000000000000000000000000000000000000000000000000000000011111110000000000000000000011000000000000000000001100000000000000000001100000000000000000001100000000000000000001000000000000000000010000000000000000000100000000000000000001000000000000000000110000000000000000001000000000000000000110000000111111000111000000000000011110000000000000000000000000000000000000000000000000
0000000000000000000000000000000000000000000000000000000000000000000000000000000000010000000000000000000111111110000000000000000000011000000000000000000011000000000000000000011000000000000000000010000000000000000000110000000000000000000100000000000000000001000000000000000000010000000000000000000100000000000000000011000000000000000011100000000111111111100000000000000000000000000000000000000000000000
0000000000000000000000000000000000000000000000000000000000000111111111100000000000000000001111110000000000000000000011000000000000000000010000000000000000000100000000000000000001000000000000000000110000000000000000001000000000000000000010000000000000000001100000000000000000110000000000000000011000000000011111111000000001111100000000000000000000000000000000000000000000000000000000000000000000000000
